SRR4427267.1000410	KX351455.1	100.000	175	0	0	1	175	2	176	1.05e-84	324
SRR4427267.1001292	JX444063.1	100.000	252	0	0	1	252	813	1064	2.52e-127	466
SRR4427267.1002185	KX254844.1	99.517	207	0	1	2	208	1474	1269	3.47e-100	375
SRR4427267.1002843	MN589190.1	99.482	193	0	1	1	192	1008	816	1.92e-92	350
SRR4427267.1003503	MT449101.1	100.000	176	0	0	1	176	862	1037	2.93e-85	326
SRR4427267.1003808	MN588525.1	98.795	249	0	3	1	248	809	1055	1.49e-119	440
SRR4427267.1004593	MT466597.1	100.000	193	0	0	1	193	484	676	1.16e-94	357
SRR4427267.1008825	MT637904.1	99.367	158	1	0	1	158	165	322	1.20e-73	287
SRR4427267.101086	CY172026.1	99.519	208	0	1	1	207	576	783	9.64e-101	377
SRR4427267.102542	KX003191.1	100.000	206	0	0	1	206	703	498	7.37e-102	381
SRR4427267.104595	MT270084.1	99.432	176	0	1	1	176	1541	1367	4.91e-83	318
SRR4427267.105596	MT449084.1	100.000	187	0	0	1	187	743	557	2.42e-91	346
SRR4427267.105703	CY171743.1	98.830	171	0	2	1	169	491	321	1.31e-78	303
SRR4427267.109260	CY233510.1	100.000	263	0	0	1	263	840	578	2.03e-133	486
SRR4427267.109378	MT315041.1	99.435	177	1	0	1	177	1130	1306	3.82e-84	322
SRR4427267.109647	MK937917.1	99.474	190	1	0	1	190	529	718	2.45e-91	346
SRR4427267.111214	MN589185.1	100.000	205	0	0	1	205	1058	854	2.65e-101	379
SRR4427267.111943	CY172103.1	100.000	170	0	0	1	170	1310	1479	6.22e-82	315
SRR4427267.114934	MT270084.1	100.000	174	0	0	1	174	313	140	3.74e-84	322
SRR4427267.117411	LC033396.1	100.000	177	0	0	2	178	177	1	8.27e-86	327
SRR4427267.119625	CY172023.1	99.035	311	0	3	1	309	665	974	6.56e-154	555
SRR4427267.122668	KJ532231.1	97.093	172	2	3	1	172	474	642	1.34e-73	287
SRR4427267.123893	MN589197.1	100.000	205	0	0	1	205	1601	1397	2.64e-101	379
SRR4427267.125837	MT270059.1	100.000	151	0	0	1	151	1435	1285	1.91e-71	279
SRR4427267.126345	MT600766.1	99.462	186	0	1	1	185	516	701	1.45e-88	337
SRR4427267.127558	MT270084.1	100.000	163	0	0	1	163	170	332	4.50e-78	302
SRR4427267.127970	MT270021.1	99.346	153	0	1	1	152	773	925	2.50e-70	276
SRR4427267.128312	MT600428.1	100.000	181	0	0	1	181	397	577	5.11e-88	335
SRR4427267.128954	CY172023.1	98.137	161	0	3	1	159	1650	1809	7.29e-71	278
SRR4427267.129160	MT600766.1	100.000	198	0	0	1	198	639	442	1.98e-97	366
SRR4427267.131178	KP460337.1	98.239	284	0	5	2	280	286	3	4.69e-135	492
SRR4427267.131214	CY172030.1	96.774	186	0	6	1	186	1370	1549	4.06e-79	305
SRR4427267.133454	MT499568.1	100.000	150	0	0	1	150	1249	1398	6.77e-71	278
SRR4427267.134395	MN588525.1	99.519	208	0	1	1	207	1034	827	9.59e-101	377
SRR4427267.142316	MT449101.1	98.913	184	0	2	1	183	1044	862	8.55e-86	327
SRR4427267.146473	MT270024.1	98.913	276	0	3	1	276	407	135	1.66e-134	490
SRR4427267.148009	KR073469.1	99.631	271	0	1	1	270	1238	968	1.25e-135	494
SRR4427267.148685	KX351455.1	98.750	240	0	3	2	239	1	239	1.44e-114	424
SRR4427267.150423	CY172023.1	98.352	182	0	3	3	182	838	658	1.86e-82	316
SRR4427267.154542	MH585557.1	99.401	167	0	1	1	166	667	833	4.60e-78	302
SRR4427267.155405	MT600345.1	98.870	177	0	2	1	177	472	298	6.35e-82	315
SRR4427267.163634	MT270082.1	98.529	204	0	3	1	204	65	265	1.23e-94	357
SRR4427267.167090	MT637886.1	99.355	155	1	0	1	155	698	544	5.50e-72	281
SRR4427267.168058	MT499569.1	99.441	179	0	1	1	179	677	500	1.08e-84	324
SRR4427267.168428	MT342753.1	98.201	278	1	4	1	274	516	239	2.77e-132	483
SRR4427267.173147	CY210159.1	97.917	288	2	4	1	288	520	803	3.72e-136	496
SRR4427267.1762	MT270014.1	98.675	151	0	2	1	151	196	344	1.48e-67	267
SRR4427267.176968	MT449084.1	100.000	191	0	0	1	191	588	778	1.48e-93	353
SRR4427267.177000	MT269969.1	99.273	275	0	2	1	274	11	284	3.52e-136	496
SRR4427267.178109	MT622882.1	99.432	176	1	0	1	176	1432	1607	1.35e-83	320
SRR4427267.179498	MT600654.1	99.630	270	0	1	1	269	924	1193	4.46e-135	492
SRR4427267.180602	MN589197.1	99.034	207	0	2	1	207	1601	1397	1.60e-98	370
SRR4427267.183531	MT270014.1	100.000	213	0	0	1	213	98	310	9.91e-106	394
SRR4427267.187227	MT270021.1	100.000	153	0	0	1	153	773	925	1.50e-72	283
SRR4427267.189970	KX254844.1	100.000	163	0	0	1	163	710	872	4.50e-78	302
SRR4427267.19048	MT449101.1	96.889	225	0	5	1	225	860	643	1.78e-98	370
SRR4427267.191768	MN589195.1	99.590	244	0	1	3	245	2201	1958	1.14e-120	444
SRR4427267.191856	MN230663.1	98.502	267	3	1	1	267	351	86	2.08e-128	470
SRR4427267.193102	MT270082.1	98.352	182	0	3	1	182	739	917	1.84e-82	316
SRR4427267.194429	MN588992.1	100.000	258	0	0	2	259	1295	1038	1.20e-130	477
SRR4427267.197942	MT343910.1	98.718	156	0	2	1	156	1645	1492	2.58e-70	276
SRR4427267.198563	MN230663.1	100.000	152	0	0	1	152	210	361	5.37e-72	281
SRR4427267.201080	CY182577.1	99.457	184	1	0	1	184	464	281	5.11e-88	335
SRR4427267.203045	LC033396.1	99.422	173	0	1	1	173	176	5	2.24e-81	313
SRR4427267.20333	MN230663.1	100.000	212	0	0	1	212	153	364	3.56e-105	392
SRR4427267.205181	KP460178.1	98.837	172	0	2	1	172	837	668	3.71e-79	305
SRR4427267.205779	CY172030.1	100.000	169	0	0	1	169	1391	1559	2.17e-81	313
SRR4427267.206950	MT343910.1	98.718	156	0	2	2	155	1510	1665	2.62e-70	276
SRR4427267.207381	MT600339.1	100.000	221	0	0	1	221	8	228	3.68e-110	409
SRR4427267.208484	KX003191.1	100.000	199	0	0	1	199	540	738	5.54e-98	368
SRR4427267.209989	MT270081.1	98.140	215	2	2	1	214	459	672	1.30e-99	374
SRR4427267.210195	CY172023.1	99.548	221	0	1	1	221	742	961	6.15e-108	401
SRR4427267.212568	KR073469.1	100.000	214	0	0	1	214	1219	1006	2.77e-106	396
SRR4427267.216239	KX254840.1	99.554	224	1	0	1	224	1391	1168	3.75e-110	409
SRR4427267.217042	MT499538.1	94.712	208	1	10	3	207	765	565	7.67e-82	315
SRR4427267.217557	MT270082.1	100.000	195	0	0	1	195	214	20	9.04e-96	361
SRR4427267.21763	MG572424.1	99.444	180	0	1	1	180	183	5	3.01e-85	326
SRR4427267.218094	MN589139.1	99.338	151	0	1	1	151	533	384	3.20e-69	272
SRR4427267.218272	MT449084.1	99.600	250	0	1	1	250	429	677	5.38e-124	455
SRR4427267.220531	CY172023.1	100.000	162	0	0	1	162	1630	1791	1.60e-77	300
SRR4427267.221826	MT637900.1	100.000	170	0	0	14	183	1654	1485	6.61e-82	315
SRR4427267.224986	CY174603.1	99.065	214	0	2	1	214	1146	1357	2.18e-102	383
SRR4427267.230646	MT449101.1	99.422	173	0	1	1	172	1040	868	2.22e-81	313
SRR4427267.232385	MN589197.1	99.029	206	0	2	1	205	1601	1397	5.70e-98	368
SRR4427267.235541	MT449084.1	100.000	175	0	0	1	175	464	290	1.04e-84	324
SRR4427267.235713	MT307249.1	96.667	180	0	6	1	174	1440	1261	8.10e-76	294
SRR4427267.235738	MT270023.1	98.174	219	0	4	1	216	1136	1353	2.80e-101	379
SRR4427267.23761	KX254844.1	100.000	184	0	0	1	184	1365	1182	1.11e-89	340
SRR4427267.238546	MN588793.1	99.444	180	0	1	1	179	751	572	2.99e-85	326
SRR4427267.240444	KX254844.1	99.383	162	0	1	1	161	808	647	2.81e-75	292
SRR4427267.241066	MK961483.1	99.412	170	0	1	1	169	641	810	1.00e-79	307
SRR4427267.243636	MT449084.1	100.000	202	0	0	1	202	502	703	1.21e-99	374
SRR4427267.24381	MT270023.1	99.111	225	0	2	2	225	1325	1102	1.75e-108	403
SRR4427267.24476	MN588525.1	100.000	182	0	0	1	182	1049	868	1.41e-88	337
SRR4427267.245699	MN949216.1	100.000	185	0	0	1	185	189	5	3.07e-90	342
SRR4427267.247717	MT270014.1	100.000	155	0	0	1	155	309	155	1.18e-73	287
SRR4427267.249264	MT270081.1	97.126	174	0	5	1	174	974	1142	3.77e-74	289
SRR4427267.249936	MN589198.1	100.000	149	0	0	1	149	951	1099	2.43e-70	276
SRR4427267.24999	MT556904.1	100.000	192	0	0	1	192	2183	1992	4.13e-94	355
SRR4427267.253850	MT270024.1	99.580	238	0	1	1	238	369	133	2.39e-117	433
SRR4427267.254830	MT449084.1	98.225	169	0	3	1	169	464	299	2.81e-75	292
SRR4427267.257010	MT315041.1	99.507	203	1	0	2	204	1332	1130	1.59e-98	370
SRR4427267.257822	MT637892.1	100.000	154	0	0	1	154	166	319	4.22e-73	285
SRR4427267.259027	MT600346.1	100.000	155	0	0	1	155	2023	2177	1.17e-73	287
SRR4427267.261371	CY210159.1	100.000	150	0	0	1	150	654	803	6.77e-71	278
SRR4427267.262862	CY247799.1	100.000	160	0	0	1	160	93	252	2.03e-76	296
SRR4427267.273982	MT499566.1	99.517	207	0	1	4	210	211	6	3.51e-100	375
SRR4427267.274225	MT270084.1	97.126	174	0	4	1	169	313	140	3.66e-74	289
SRR4427267.275628	CY171993.1	99.608	255	0	1	1	254	148	402	9.14e-127	464
SRR4427267.276082	KM063690.1	99.222	257	2	0	1	257	225	481	9.22e-127	464
SRR4427267.278115	MT269969.1	98.913	276	0	3	1	275	11	284	1.64e-134	490
SRR4427267.281866	KX254880.1	98.343	181	0	3	1	181	1929	1752	6.52e-82	315
SRR4427267.282579	MN589197.1	100.000	205	0	0	1	205	1601	1397	2.64e-101	379
SRR4427267.284573	MN589139.1	98.092	262	0	5	1	260	533	275	7.28e-123	451
SRR4427267.285061	MT600766.1	100.000	186	0	0	1	186	516	701	8.71e-91	344
SRR4427267.285774	MT270082.1	99.203	251	0	2	1	251	78	326	7.02e-123	451
SRR4427267.286449	KX003191.1	100.000	260	0	0	1	260	711	452	9.28e-132	481
SRR4427267.291406	MT270014.1	100.000	197	0	0	1	197	72	268	7.03e-97	364
SRR4427267.292530	CY172023.1	98.958	192	0	2	4	195	899	710	3.28e-90	342
SRR4427267.293359	CY210159.1	100.000	188	0	0	1	188	621	808	6.78e-92	348
SRR4427267.294844	MT622881.1	100.000	165	0	0	1	165	844	680	3.53e-79	305
SRR4427267.296202	MT600429.1	99.379	161	0	1	1	160	944	784	9.51e-75	291
SRR4427267.297445	MT449084.1	100.000	160	0	0	1	160	402	243	2.04e-76	296
SRR4427267.298596	MT270024.1	97.119	243	0	7	1	240	264	502	1.89e-108	403
SRR4427267.299279	MT270084.1	100.000	184	0	0	1	184	75	258	1.11e-89	340
SRR4427267.301919	CY172023.1	99.107	224	0	2	1	222	737	960	6.18e-108	401
SRR4427267.302036	KX351455.1	99.363	157	0	1	1	157	11	166	1.55e-72	283
SRR4427267.309999	MT449101.1	98.198	222	0	4	1	220	832	1051	6.19e-103	385
SRR4427267.310555	KX254844.1	99.000	200	0	2	1	200	1325	1128	1.20e-94	357
SRR4427267.315435	MT600429.1	99.379	161	0	1	1	160	944	784	9.51e-75	291
SRR4427267.316697	MT270024.1	100.000	162	0	0	1	162	223	384	1.60e-77	300
SRR4427267.322094	KC866606.1	99.379	161	0	1	1	161	162	3	9.58e-75	291
SRR4427267.325833	MT342753.1	99.038	208	1	1	4	210	493	286	4.54e-99	372
SRR4427267.326166	KX351455.1	99.482	193	0	1	1	193	197	6	1.93e-92	350
SRR4427267.326599	MT622877.1	100.000	151	0	0	1	151	28	178	1.91e-71	279
SRR4427267.328203	CY172023.1	99.156	237	0	2	1	237	1792	1558	3.98e-115	425
SRR4427267.330811	CY237234.1	98.446	193	0	3	1	191	1718	1527	1.49e-88	337
SRR4427267.330981	MT342753.1	97.585	207	1	4	1	206	292	495	5.78e-93	351
SRR4427267.333953	MT600346.1	97.207	179	0	5	1	175	1645	1468	6.30e-77	298
SRR4427267.33573	MN230663.1	99.495	198	0	1	1	197	164	361	3.29e-95	359
SRR4427267.340969	MT270021.1	100.000	180	0	0	1	180	760	939	1.80e-87	333
SRR4427267.342749	MT270084.1	99.429	175	0	1	1	175	313	140	1.75e-82	316
SRR4427267.345512	MT270024.1	100.000	169	0	0	1	169	251	419	2.16e-81	313
SRR4427267.345762	MT270023.1	99.517	207	0	1	1	206	1335	1129	3.45e-100	375
SRR4427267.346049	CY154153.1	100.000	151	0	0	1	151	1142	992	1.90e-71	279
SRR4427267.347624	KR073469.1	100.000	242	0	0	1	242	945	1186	8.70e-122	448
SRR4427267.354333	CY182434.1	100.000	174	0	0	1	174	340	513	3.74e-84	322
SRR4427267.361796	KX254880.1	99.200	250	1	1	1	249	908	1157	2.50e-122	449
SRR4427267.3621	CY171999.1	98.347	242	1	3	1	241	1406	1167	5.25e-114	422
SRR4427267.364446	MT600434.1	99.609	256	0	1	2	257	1796	1542	2.56e-127	466
SRR4427267.367895	MT449101.1	99.087	219	0	2	1	218	860	643	3.66e-105	392
SRR4427267.369259	MT600346.1	97.571	247	1	4	1	242	1296	1050	6.83e-113	418
SRR4427267.36974	MT270014.1	99.379	161	0	1	1	161	123	282	9.51e-75	291
SRR4427267.37045	MK961483.1	100.000	170	0	0	1	170	641	810	6.04e-82	315
SRR4427267.371724	CY172023.1	99.587	242	0	1	1	241	830	589	1.45e-119	440
SRR4427267.372496	MT600429.1	98.758	161	0	2	1	159	944	784	4.39e-73	285
SRR4427267.375596	CY172103.1	100.000	177	0	0	1	177	1504	1328	8.21e-86	327
SRR4427267.37738	MT449101.1	100.000	167	0	0	1	167	876	1042	2.77e-80	309
SRR4427267.378079	CY172023.1	100.000	223	0	0	1	223	906	684	2.87e-111	412
SRR4427267.380292	MT449101.1	95.376	173	0	8	1	165	1040	868	4.63e-68	268
SRR4427267.382767	LC033172.1	100.000	219	0	0	1	219	220	2	4.75e-109	405
SRR4427267.383050	MT270033.1	98.174	219	0	4	1	216	793	1010	2.80e-101	379
SRR4427267.383137	KX006581.1	100.000	226	0	0	1	226	921	696	6.27e-113	418
SRR4427267.386483	MT449101.1	100.000	176	0	0	1	176	810	635	2.93e-85	326
SRR4427267.387124	KR073375.1	99.095	221	0	2	1	221	874	1092	2.86e-106	396
SRR4427267.388294	MN588928.1	98.833	257	0	3	1	257	471	218	5.58e-124	455
SRR4427267.389645	MG674736.1	100.000	179	0	0	1	179	212	390	6.39e-87	331
SRR4427267.391546	MG572424.1	100.000	179	0	0	1	179	183	5	6.43e-87	331
SRR4427267.392203	KX254844.1	100.000	193	0	0	1	193	1102	1294	1.16e-94	357
SRR4427267.394381	CY217749.1	98.964	193	0	2	2	192	873	681	8.88e-91	344
SRR4427267.395254	KX003191.1	100.000	157	0	0	1	157	518	674	9.29e-75	291
SRR4427267.403665	MT449084.1	99.632	272	0	1	1	271	332	603	3.48e-136	496
SRR4427267.404368	MT600434.1	98.819	254	0	3	1	254	1800	1550	2.56e-122	449
SRR4427267.409432	CY172103.1	98.438	192	0	3	1	192	1293	1481	5.48e-88	335
SRR4427267.410697	MT637886.1	100.000	169	0	0	1	169	1391	1559	2.16e-81	313
SRR4427267.410938	MF955632.1	96.281	242	2	7	1	236	520	760	1.45e-104	390
SRR4427267.413951	MT343910.1	100.000	179	0	0	1	179	1655	1477	6.39e-87	331
SRR4427267.414207	KX920267.1	100.000	163	0	0	1	163	471	309	4.50e-78	302
SRR4427267.414372	MN589142.1	98.689	305	0	4	1	305	844	1144	6.53e-149	538
SRR4427267.420518	MT499568.1	100.000	150	0	0	1	150	1249	1398	6.77e-71	278
SRR4427267.42315	MT449101.1	98.361	244	0	4	1	241	1051	809	4.06e-115	425
SRR4427267.423474	CY233510.1	99.099	222	0	2	1	221	842	622	8.00e-107	398
SRR4427267.426283	CY210159.1	100.000	188	0	0	1	188	621	808	6.78e-92	348
SRR4427267.426647	MT270022.1	96.721	183	0	6	1	182	694	871	1.84e-77	300
SRR4427267.427160	MT270024.1	100.000	178	0	0	1	178	375	198	2.30e-86	329
SRR4427267.429552	MT270081.1	99.487	195	0	1	1	195	265	72	1.50e-93	353
SRR4427267.431704	LC033373.1	97.436	312	1	7	2	312	1	306	5.22e-145	525
SRR4427267.432314	MT637886.1	98.824	170	1	1	1	169	531	700	4.67e-78	302
SRR4427267.433120	CY172103.1	100.000	220	0	0	1	220	1567	1348	1.32e-109	407
SRR4427267.43442	KX003191.1	100.000	160	0	0	1	160	567	726	2.04e-76	296
SRR4427267.439196	MN061241.1	100.000	177	0	0	1	177	2291	2115	8.21e-86	327
SRR4427267.44327	KX003191.1	100.000	260	0	0	1	260	583	842	9.28e-132	481
SRR4427267.444890	KC866606.1	100.000	160	0	0	1	160	162	3	2.04e-76	296
SRR4427267.444996	MN589202.1	99.281	278	1	1	1	277	120	397	7.66e-138	501
SRR4427267.446094	MT449084.1	98.925	186	0	2	1	185	510	694	6.78e-87	331
SRR4427267.446162	MT556904.1	100.000	157	0	0	1	157	2048	2204	9.21e-75	291
SRR4427267.448275	CY172005.1	99.242	264	2	0	1	264	2092	1829	1.22e-130	477
SRR4427267.448459	MT270084.1	100.000	157	0	0	1	157	1372	1528	9.21e-75	291
SRR4427267.4523	MN559747.1	99.010	202	0	2	1	202	205	6	9.43e-96	361
SRR4427267.45250	MT449101.1	98.780	164	0	2	1	162	1008	845	9.58e-75	291
SRR4427267.452547	MN559747.1	99.429	175	0	1	1	174	176	2	1.74e-82	316
SRR4427267.452816	MT270082.1	98.758	161	0	2	1	161	740	898	4.42e-73	285
SRR4427267.456519	MT637888.1	100.000	149	0	0	1	149	1601	1453	2.43e-70	276
SRR4427267.458802	CY210159.1	100.000	188	0	0	1	188	621	808	6.78e-92	348
SRR4427267.459974	MT499568.1	100.000	180	0	0	1	180	1446	1267	1.80e-87	333
SRR4427267.461108	MT270086.1	98.925	279	1	2	1	279	476	200	1.01e-136	497
SRR4427267.46208	MT342753.1	98.598	214	1	2	1	214	504	293	1.01e-100	377
SRR4427267.463973	KX351455.1	100.000	163	0	0	1	163	163	1	4.53e-78	302
SRR4427267.466848	MN589195.1	99.398	166	0	1	1	165	1998	1833	1.64e-77	300
SRR4427267.468249	CY230057.1	100.000	163	0	0	1	163	511	349	4.46e-78	302
SRR4427267.47192	MT270033.1	100.000	218	0	0	1	218	793	1010	1.68e-108	403
SRR4427267.474863	MT270023.1	100.000	161	0	0	1	161	1369	1209	5.73e-77	298
SRR4427267.485150	MN589195.1	99.412	170	1	0	1	170	967	798	2.83e-80	309
SRR4427267.486261	MT499568.1	100.000	216	0	0	1	216	1446	1231	2.15e-107	399
SRR4427267.487015	KR073469.1	99.578	237	1	0	1	237	1338	1102	2.38e-117	433
SRR4427267.492589	MT314802.1	100.000	177	0	0	1	177	218	42	8.21e-86	327
SRR4427267.494074	CY187741.1	99.441	179	1	0	1	179	444	266	2.99e-85	326
SRR4427267.495002	MT270082.1	99.408	169	0	1	1	169	269	102	3.63e-79	305
SRR4427267.495287	MT270023.1	98.889	270	0	3	1	267	1401	1132	3.46e-131	479
SRR4427267.49602	MN589198.1	99.355	155	0	1	2	156	1067	914	1.98e-71	279
SRR4427267.496870	MT600339.1	96.316	190	0	6	1	189	12	195	4.17e-79	305
SRR4427267.498767	MN589175.1	99.257	269	0	2	1	267	911	1179	7.40e-133	484
SRR4427267.500353	MT556904.1	100.000	182	0	0	1	182	2202	2021	1.40e-88	337
SRR4427267.501582	MN061241.1	100.000	206	0	0	1	206	2279	2074	7.37e-102	381
SRR4427267.501939	MT270024.1	100.000	178	0	0	1	178	375	198	2.30e-86	329
SRR4427267.506863	MT270014.1	97.345	226	2	4	2	224	398	174	8.14e-102	381
SRR4427267.506996	MT449130.1	98.429	191	0	3	1	189	1444	1633	1.90e-87	333
SRR4427267.511306	MT449101.1	100.000	218	0	0	1	218	860	643	1.69e-108	403
SRR4427267.51193	MT449084.1	96.667	150	1	4	1	150	505	360	1.91e-61	246
SRR4427267.512746	MK960099.1	97.790	181	0	4	1	181	247	71	3.06e-80	309
SRR4427267.51440	MT600429.1	98.214	168	0	3	1	167	941	776	9.95e-75	291
SRR4427267.517802	MT342753.1	99.510	204	1	0	1	204	292	495	4.38e-99	372
SRR4427267.521357	MT270084.1	100.000	212	0	0	1	212	102	313	3.54e-105	392
SRR4427267.522379	CY172103.1	100.000	179	0	0	1	179	1536	1358	6.43e-87	331
SRR4427267.524329	JX429653.2	100.000	193	0	0	1	193	948	756	1.15e-94	357
SRR4427267.52497	KR073469.1	99.448	181	0	1	1	181	1233	1054	8.44e-86	327
SRR4427267.525230	KX920267.1	99.095	221	0	2	2	221	581	362	2.88e-106	396
SRR4427267.525598	CY172103.1	99.225	258	0	2	1	258	1329	1584	9.26e-127	464
SRR4427267.527075	MT466597.1	100.000	173	0	0	1	173	504	676	1.33e-83	320
SRR4427267.529604	CY172023.1	98.544	206	0	3	1	206	1788	1586	9.66e-96	361
SRR4427267.529945	MT270024.1	98.684	228	0	3	1	227	417	192	6.38e-108	401
SRR4427267.531194	MT270084.1	100.000	172	0	0	1	172	296	125	4.77e-83	318
SRR4427267.538643	MT270081.1	100.000	169	0	0	1	169	972	1140	2.17e-81	313
SRR4427267.538738	MT243675.1	98.225	169	0	3	1	166	652	820	2.75e-75	292
SRR4427267.54037	CY172023.1	100.000	170	0	0	1	170	1607	1776	6.08e-82	315
SRR4427267.543035	MT449084.1	99.468	188	0	1	1	188	516	702	1.13e-89	340
SRR4427267.543459	MT270014.1	99.068	322	1	2	1	321	445	125	1.46e-160	577
SRR4427267.545251	MN588655.1	100.000	216	0	0	1	216	632	847	2.18e-107	399
SRR4427267.545866	MT314580.1	100.000	175	0	0	1	175	960	1134	1.05e-84	324
SRR4427267.548943	MT637886.1	99.401	167	1	0	1	167	699	533	1.29e-78	303
SRR4427267.549417	MT600434.1	97.838	185	0	4	1	182	1644	1827	1.83e-82	316
SRR4427267.551457	MT270023.1	97.398	269	0	7	1	266	1443	1179	7.47e-123	451
SRR4427267.555399	MT499569.1	97.276	257	0	7	1	252	384	638	3.30e-116	429
SRR4427267.55644	MT499566.1	99.524	210	0	1	1	210	214	6	7.54e-102	381
SRR4427267.557216	MG674822.1	97.468	158	1	3	1	158	823	669	1.56e-67	267
SRR4427267.557654	LC033373.1	99.099	222	1	1	2	223	1	221	8.04e-107	398
SRR4427267.557827	MT270033.1	100.000	196	0	0	2	197	1021	826	2.53e-96	363
SRR4427267.558784	KX002326.1	99.425	174	1	0	1	174	1345	1518	1.75e-82	316
SRR4427267.560388	CY225850.1	98.235	170	1	2	1	170	181	14	2.19e-76	296
SRR4427267.563074	CY237234.1	99.487	195	0	1	1	195	1748	1555	1.51e-93	353
SRR4427267.563357	MT270014.1	100.000	219	0	0	1	219	91	309	4.70e-109	405
SRR4427267.56346	KX254844.1	99.367	158	0	1	1	157	742	585	4.29e-73	285
SRR4427267.563716	KX006581.1	100.000	226	0	0	1	226	921	696	6.27e-113	418
SRR4427267.56379	MT270014.1	99.531	213	0	1	1	212	322	110	1.65e-103	387
SRR4427267.564106	KR073469.1	99.432	176	1	0	1	176	1112	1287	1.35e-83	320
SRR4427267.565029	MT270014.1	93.939	165	1	8	1	165	1106	1261	1.00e-59	241
SRR4427267.565643	MT637886.1	99.550	222	0	1	1	221	1615	1394	1.72e-108	403
SRR4427267.56673	MN589185.1	98.068	207	0	3	1	205	974	770	1.23e-94	357
SRR4427267.567919	MT600339.1	99.333	150	0	1	1	149	226	77	1.13e-68	270
SRR4427267.568415	MN588992.1	100.000	193	0	0	1	193	784	592	1.15e-94	357
SRR4427267.568998	MT270081.1	99.190	247	0	2	1	246	270	25	1.15e-120	444
SRR4427267.572379	MN589190.1	98.571	210	0	3	1	209	767	974	5.84e-98	368
SRR4427267.57340	KX003191.1	98.406	251	0	4	1	248	567	816	5.39e-119	438
SRR4427267.574130	MT270014.1	100.000	216	0	0	1	216	109	324	2.16e-107	399
SRR4427267.575880	MT449124.1	100.000	195	0	0	1	195	210	16	8.99e-96	361
SRR4427267.57752	MT499568.1	100.000	159	0	0	1	159	1418	1260	7.29e-76	294
SRR4427267.583278	MN230151.1	100.000	151	0	0	1	151	1238	1388	1.91e-71	279
SRR4427267.58355	KC458314.1	98.876	267	1	2	1	265	1089	1355	4.80e-130	475
SRR4427267.588497	MT270081.1	99.190	247	0	2	1	246	270	25	1.15e-120	444
SRR4427267.591190	MK961579.1	98.973	292	0	3	1	289	1490	1199	2.23e-143	520
SRR4427267.592156	CY237234.1	98.895	181	0	2	1	180	1512	1691	3.87e-84	322
SRR4427267.593416	MT600434.1	99.441	179	0	1	1	178	1897	1719	1.06e-84	324
SRR4427267.601276	KX003191.1	99.545	220	0	1	1	220	377	595	2.20e-107	399
SRR4427267.606155	MN589198.1	100.000	205	0	0	1	205	1099	895	2.65e-101	379
SRR4427267.610315	KX003191.1	100.000	246	0	0	1	246	493	738	5.30e-124	455
SRR4427267.610473	MN588655.1	99.324	296	0	2	1	295	817	523	8.14e-148	534
SRR4427267.616107	MT449084.1	99.338	151	0	1	1	151	367	218	3.20e-69	272
SRR4427267.616728	MT270081.1	100.000	246	0	0	1	246	270	25	5.30e-124	455
SRR4427267.620171	KX922467.1	100.000	214	0	0	1	214	715	502	2.75e-106	396
SRR4427267.623579	KC914921.1	99.206	252	0	2	1	251	444	694	1.94e-123	453
SRR4427267.623764	MT270082.1	97.046	237	0	6	1	235	53	284	4.06e-105	392
SRR4427267.624182	MT270084.1	100.000	200	0	0	1	200	282	83	1.54e-98	370
SRR4427267.62436	CY172030.1	100.000	207	0	0	1	207	1512	1306	2.07e-102	383
SRR4427267.625263	MN589198.1	98.925	186	0	1	1	184	1130	945	6.65e-87	331
SRR4427267.625416	MT499551.1	99.554	224	0	1	1	223	842	1065	1.34e-109	407
SRR4427267.626416	KR073469.1	100.000	256	0	0	1	256	1238	983	1.53e-129	473
SRR4427267.627305	MT637892.1	98.925	186	0	2	1	185	713	529	6.70e-87	331
SRR4427267.628403	MN588525.1	99.078	217	1	1	1	217	842	1057	4.69e-104	388
SRR4427267.62953	MN589195.1	98.113	212	0	4	1	210	1839	2048	2.11e-97	366
SRR4427267.63215	MT270084.1	98.680	303	0	3	1	303	18	316	8.42e-148	534
SRR4427267.633851	MT269958.1	98.438	256	2	2	1	256	283	536	2.57e-122	449
SRR4427267.639640	CY172103.1	97.287	258	1	6	1	255	1329	1583	2.58e-117	433
SRR4427267.641217	MN230663.1	99.554	224	0	1	2	225	371	149	1.35e-109	407
SRR4427267.641639	MN588525.1	99.605	253	0	1	1	252	1045	793	1.17e-125	460
SRR4427267.6439	KX003191.1	99.569	232	0	1	1	231	751	520	4.97e-114	422
SRR4427267.644188	MT637904.1	99.412	170	0	1	1	170	418	586	1.01e-79	307
SRR4427267.644249	MT600654.1	100.000	197	0	0	1	197	983	1179	7.08e-97	364
SRR4427267.644465	KX254877.1	100.000	185	0	0	1	185	919	1103	3.07e-90	342
SRR4427267.648568	MN480785.1	99.559	227	0	1	1	226	983	757	2.93e-111	412
SRR4427267.648665	MN588655.1	99.367	158	0	1	1	157	846	689	4.29e-73	285
SRR4427267.651815	MK960099.1	100.000	166	0	0	1	166	69	234	9.81e-80	307
SRR4427267.652486	KR073469.1	99.432	176	1	0	1	176	1112	1287	1.35e-83	320
SRR4427267.6528	MT270014.1	100.000	176	0	0	1	176	359	184	2.93e-85	326
SRR4427267.65538	MT270084.1	99.471	189	0	1	1	188	304	116	3.13e-90	342
SRR4427267.661364	MT269958.1	97.653	213	3	2	1	212	406	617	7.68e-97	364
SRR4427267.662029	MT343995.1	97.647	170	1	3	1	169	1669	1502	3.63e-74	289
SRR4427267.663948	CY172005.1	98.785	247	0	3	1	246	1929	2173	1.93e-118	436
SRR4427267.66436	MT270023.1	100.000	200	0	0	1	200	1352	1153	1.54e-98	370
SRR4427267.666665	MT270014.1	98.131	214	1	3	1	212	407	195	1.66e-98	370
SRR4427267.667896	KY042634.1	100.000	166	0	0	1	166	1084	919	9.81e-80	307
SRR4427267.667914	KR073469.1	99.435	177	0	1	1	177	1112	1287	1.36e-83	320
SRR4427267.668571	MT342753.1	99.145	234	1	1	1	233	452	219	1.82e-113	420
SRR4427267.669016	MG674736.1	98.625	291	1	3	1	289	101	390	3.71e-141	512
SRR4427267.670301	KR073469.1	99.459	185	0	1	1	184	1209	1025	5.11e-88	335
SRR4427267.673027	MT600429.1	100.000	164	0	0	2	165	876	713	1.26e-78	303
SRR4427267.680193	MT315041.1	98.726	157	1	1	1	156	1295	1139	7.17e-71	278
SRR4427267.680383	MH584797.1	99.448	181	1	0	1	181	513	333	2.33e-86	329
SRR4427267.683494	CY172023.1	98.556	277	0	4	1	274	739	1014	2.14e-133	486
SRR4427267.685246	CY172023.1	98.618	217	0	3	1	217	900	687	7.88e-102	381
SRR4427267.686811	MT270018.1	97.521	242	1	5	1	237	420	179	4.01e-110	409
SRR4427267.68925	MT423318.1	99.363	157	0	1	1	156	952	796	1.53e-72	283
SRR4427267.689850	MT637904.1	98.246	171	1	2	1	170	250	419	6.08e-77	298
SRR4427267.6901	MT600339.1	99.379	161	0	1	1	161	66	225	9.66e-75	291
SRR4427267.692111	MN588655.1	100.000	223	0	0	1	223	756	534	2.89e-111	412
SRR4427267.692296	KY116797.1	94.118	272	2	12	1	261	650	918	7.63e-108	401
SRR4427267.694958	MN588655.1	100.000	213	0	0	1	213	630	842	1.01e-105	394
SRR4427267.695596	MT105789.1	97.980	297	0	5	1	293	317	23	1.37e-140	510
SRR4427267.698563	MT600346.1	97.619	168	0	4	1	166	255	90	4.63e-73	285
SRR4427267.69924	MT270084.1	99.441	179	0	1	1	179	138	315	1.07e-84	324
SRR4427267.70297	CY182577.1	99.457	184	1	0	1	184	464	281	5.11e-88	335
SRR4427267.703578	MT030364.1	100.000	158	0	0	1	158	181	338	2.60e-75	292
SRR4427267.705446	MT270014.1	100.000	152	0	0	2	153	369	218	5.37e-72	281
SRR4427267.705776	CY210159.1	98.701	231	1	2	2	230	529	759	3.87e-110	409
SRR4427267.706629	KX920267.1	99.265	272	0	2	1	270	160	431	1.62e-134	490
SRR4427267.706684	KX002326.1	100.000	217	0	0	1	217	1581	1365	6.05e-108	401
SRR4427267.711947	KM654968.1	100.000	149	0	0	1	149	157	9	2.43e-70	276
SRR4427267.712735	MT270024.1	100.000	203	0	0	1	203	386	184	3.37e-100	375
SRR4427267.717275	MH363055.1	100.000	190	0	0	1	190	204	15	5.27e-93	351
SRR4427267.719914	MT449084.1	99.052	211	0	2	1	209	674	464	9.75e-101	377
SRR4427267.720239	MT270024.1	98.980	294	0	3	2	292	473	180	1.74e-144	523
SRR4427267.72054	MT270018.1	99.479	192	0	1	1	192	118	308	6.91e-92	348
SRR4427267.721460	MK960099.1	100.000	201	0	0	1	201	244	44	4.33e-99	372
SRR4427267.722584	MT449130.1	100.000	173	0	0	1	173	1494	1666	1.34e-83	320
SRR4427267.723409	CY248333.1	99.119	227	0	2	1	226	743	518	1.36e-109	407
SRR4427267.725442	MK960099.1	100.000	191	0	0	1	191	40	230	1.47e-93	353
SRR4427267.728982	MT270024.1	100.000	275	0	0	1	275	145	419	4.54e-140	508
SRR4427267.733277	MN589195.1	99.505	202	0	1	1	201	738	537	2.02e-97	366
SRR4427267.73612	CY171999.1	99.142	233	1	1	1	232	1399	1167	6.50e-113	418
SRR4427267.743215	CY248333.1	99.615	260	0	1	1	259	738	479	1.55e-129	473
SRR4427267.744061	MT270084.1	99.526	211	0	1	1	210	105	315	2.10e-102	383
SRR4427267.744637	MN589198.1	99.502	201	0	1	1	200	908	1108	7.21e-97	364
SRR4427267.746872	LC033396.1	100.000	156	0	0	1	156	156	1	3.39e-74	289
SRR4427267.747288	MT270021.1	98.824	170	1	1	1	169	307	476	4.67e-78	302
SRR4427267.749502	MT270023.1	98.930	187	0	2	1	185	1298	1112	1.85e-87	333
SRR4427267.752172	MN589190.1	100.000	195	0	0	1	195	1028	834	8.99e-96	361
SRR4427267.752189	MN588809.1	100.000	174	0	0	1	174	822	995	3.74e-84	322
SRR4427267.755305	MT269958.1	98.578	211	2	1	1	211	323	532	4.59e-99	372
SRR4427267.759524	KX254844.1	98.776	245	0	3	1	243	1374	1131	2.44e-117	433
SRR4427267.759606	MT600346.1	98.667	300	0	4	1	298	308	11	3.83e-146	529
SRR4427267.759785	CY182434.1	100.000	226	0	0	1	226	332	557	6.34e-113	418
SRR4427267.760840	MT342753.1	99.573	234	1	0	1	234	452	219	1.09e-115	427
SRR4427267.761843	KR733266.1	99.237	262	0	2	1	262	263	4	5.63e-129	472
SRR4427267.763376	KX254840.1	97.872	235	1	4	4	238	1234	1464	1.87e-108	403
SRR4427267.763992	MT449101.1	98.758	161	0	2	1	160	1052	893	4.42e-73	285
SRR4427267.764609	CY172023.1	99.545	220	0	1	1	219	618	837	2.20e-107	399
SRR4427267.76590	KX254840.1	99.495	198	1	0	1	198	1222	1419	9.15e-96	361
SRR4427267.766455	MT600434.1	100.000	195	0	0	1	195	1577	1771	9.04e-96	361
SRR4427267.768516	CY171999.1	98.872	266	1	2	1	265	1208	1472	1.59e-129	473
SRR4427267.768628	MN589185.1	99.574	235	0	1	1	234	992	758	1.09e-115	427
SRR4427267.769833	MT637898.1	99.142	233	0	2	1	232	1038	807	6.50e-113	418
SRR4427267.77364	MT270023.1	99.528	212	0	1	1	211	1086	1297	5.93e-103	385
SRR4427267.775014	MT466597.1	99.422	173	0	1	1	172	504	676	2.20e-81	313
SRR4427267.775751	KR073469.1	97.788	226	1	4	1	225	1329	1107	1.76e-103	387
SRR4427267.776153	MN230663.1	100.000	191	0	0	1	191	83	273	1.48e-93	353
SRR4427267.779638	KR073469.1	99.524	210	0	1	2	211	1239	1031	7.63e-102	381
SRR4427267.781753	MT270023.1	98.270	289	0	4	1	287	1146	1431	7.97e-138	501
SRR4427267.782608	MT600429.1	100.000	168	0	0	1	168	718	885	7.70e-81	311
SRR4427267.784137	MN589190.1	98.810	168	0	2	1	166	977	810	5.95e-77	298
SRR4427267.784324	MN588525.1	98.246	285	0	5	1	281	1059	776	1.31e-135	494
SRR4427267.785815	KX920267.1	98.127	267	0	5	1	266	580	318	1.24e-125	460
SRR4427267.789334	KM100232.1	100.000	251	0	0	1	251	376	126	8.97e-127	464
SRR4427267.789728	KX254844.1	97.990	199	0	4	2	197	1474	1277	3.30e-90	342
SRR4427267.789797	MT637900.1	100.000	166	0	0	1	166	405	570	9.88e-80	307
SRR4427267.790229	MT449084.1	98.142	323	0	6	1	320	540	221	5.27e-155	558
SRR4427267.790547	MT270025.1	100.000	161	0	0	1	161	763	603	5.73e-77	298
SRR4427267.790630	CY182434.1	100.000	259	0	0	1	259	301	559	3.32e-131	479
SRR4427267.792402	MT314580.1	100.000	175	0	0	1	175	960	1134	1.05e-84	324
SRR4427267.794826	KR073429.1	98.667	150	0	2	108	255	1002	853	9.95e-67	265
SRR4427267.795031	MT449101.1	98.137	161	1	2	1	160	1044	885	2.06e-71	279
SRR4427267.79831	MT270024.1	98.333	240	0	4	1	239	369	133	6.73e-113	418
SRR4427267.800235	CY154588.1	99.342	152	1	0	1	152	1167	1318	2.48e-70	276
SRR4427267.800316	KC866606.1	100.000	151	0	0	1	151	15	165	1.91e-71	279
SRR4427267.804510	MN588655.1	100.000	158	0	0	1	158	846	689	2.58e-75	292
SRR4427267.809286	MT600346.1	100.000	183	0	0	1	183	2055	2237	3.95e-89	339
SRR4427267.809439	MT600434.1	98.419	253	0	4	1	251	1644	1894	4.20e-120	442
SRR4427267.81068	CY172030.1	99.510	204	0	1	2	204	1318	1521	1.60e-98	370
SRR4427267.817133	MT637886.1	100.000	183	0	0	1	183	1595	1413	3.95e-89	339
SRR4427267.820257	MN589190.1	100.000	168	0	0	1	168	977	810	7.76e-81	311
SRR4427267.821908	MN588525.1	99.535	215	0	1	1	214	821	1035	1.29e-104	390
SRR4427267.821987	MT449092.1	99.020	204	1	1	1	203	569	366	7.59e-97	364
SRR4427267.829280	MT270024.1	100.000	226	0	0	1	226	417	192	6.30e-113	418
SRR4427267.830761	KX254844.1	99.611	257	0	1	1	257	689	944	7.16e-128	468
SRR4427267.833590	KR073469.1	99.074	216	1	1	1	216	1270	1056	1.69e-103	387
SRR4427267.835520	MT449084.1	99.024	205	0	2	1	203	505	709	2.03e-97	366
SRR4427267.838088	CY172103.1	97.959	196	1	3	1	194	1292	1486	1.51e-88	337
SRR4427267.843526	MN230663.1	99.531	213	0	1	1	213	92	303	1.66e-103	387
SRR4427267.84499	MT314774.1	100.000	185	0	0	1	185	666	850	3.09e-90	342
SRR4427267.8450	MT600343.1	98.485	198	2	1	1	198	307	503	7.13e-92	348
SRR4427267.846659	MT499566.1	100.000	254	0	0	1	254	254	1	1.96e-128	470
SRR4427267.848781	MN480785.1	100.000	177	0	0	1	177	757	933	8.15e-86	327
SRR4427267.853015	MK937917.1	98.857	175	1	1	2	175	548	722	8.15e-81	311
SRR4427267.853878	MT449101.1	99.462	186	0	1	1	185	824	1009	1.44e-88	337
SRR4427267.85776	MT270059.1	100.000	151	0	0	1	151	1435	1285	1.91e-71	279
SRR4427267.861010	MT600339.1	99.432	176	0	1	1	175	194	19	4.87e-83	318
SRR4427267.862566	MT270014.1	99.180	244	1	1	1	243	175	418	5.26e-119	438
SRR4427267.862705	MT449084.1	99.497	199	0	1	1	198	533	731	9.32e-96	361
SRR4427267.865832	MT270084.1	100.000	158	0	0	1	158	109	266	2.60e-75	292
SRR4427267.867062	MT270021.1	99.412	170	1	0	1	170	307	476	2.81e-80	309
SRR4427267.867122	MK999296.1	99.363	157	1	0	1	157	193	349	4.29e-73	285
SRR4427267.871164	MT270021.1	97.110	173	1	3	1	172	307	476	3.71e-74	289
SRR4427267.872032	KX003191.1	100.000	187	0	0	1	187	765	579	2.42e-91	346
SRR4427267.87325	KX254844.1	100.000	193	0	0	1	193	1102	1294	1.16e-94	357
SRR4427267.875938	MN230151.1	99.342	152	0	1	1	152	1238	1388	8.98e-70	274
SRR4427267.876244	MN559747.1	98.734	158	0	2	4	160	1	157	2.06e-71	279
SRR4427267.87703	MT499551.1	100.000	163	0	0	1	163	825	987	4.46e-78	302
SRR4427267.877331	MT270014.1	99.605	253	1	0	1	253	447	195	3.30e-126	462
SRR4427267.87942	MT449101.1	100.000	164	0	0	1	164	806	643	1.25e-78	303
SRR4427267.879856	MT270081.1	100.000	246	0	0	1	246	270	25	5.30e-124	455
SRR4427267.880438	MT600766.1	98.101	158	0	3	1	157	634	479	3.34e-69	272
SRR4427267.881549	MT270021.1	96.648	179	1	5	1	177	268	443	2.97e-75	292
SRR4427267.881674	MT270014.1	99.351	154	0	1	1	153	157	310	7.00e-71	278
SRR4427267.892069	CY237234.1	99.435	177	1	0	1	177	1763	1587	3.82e-84	322
SRR4427267.892404	MT449084.1	100.000	207	0	0	1	207	469	675	2.06e-102	383
SRR4427267.892638	KX003191.1	100.000	219	0	0	1	219	377	595	4.70e-109	405
SRR4427267.894018	KR073331.1	99.462	186	1	0	1	186	260	445	4.03e-89	339
SRR4427267.894198	KR073469.1	99.432	176	1	0	1	176	1112	1287	1.35e-83	320
SRR4427267.895620	CY182434.1	97.786	271	0	6	2	269	578	311	3.50e-126	462
SRR4427267.89978	CY182434.1	100.000	161	0	0	1	161	333	493	5.73e-77	298
SRR4427267.904115	MT270084.1	100.000	149	0	0	4	152	268	120	2.48e-70	276
SRR4427267.906425	MT270033.1	100.000	164	0	0	1	164	841	1004	1.26e-78	303
SRR4427267.911677	MT600429.1	100.000	164	0	0	2	165	876	713	1.26e-78	303
SRR4427267.91272	MT600346.1	100.000	172	0	0	1	172	2224	2053	4.77e-83	318
SRR4427267.916976	CY171999.1	99.541	218	1	0	1	218	1454	1237	7.83e-107	398
SRR4427267.917571	CY248333.1	99.531	213	0	1	1	212	626	414	1.65e-103	387
SRR4427267.918625	KX003191.1	100.000	216	0	0	1	216	562	777	2.16e-107	399
SRR4427267.918930	MK960099.1	100.000	190	0	0	1	190	215	26	5.27e-93	351
SRR4427267.919712	KX254844.1	100.000	171	0	0	1	171	681	851	1.69e-82	316
SRR4427267.920882	CY171999.1	99.541	218	1	0	1	218	1454	1237	7.83e-107	398
SRR4427267.921227	MT270024.1	99.528	212	0	1	1	212	451	241	5.93e-103	385
SRR4427267.922526	MT243675.1	100.000	197	0	0	1	197	786	590	7.08e-97	364
SRR4427267.923581	CY172103.1	100.000	166	0	0	1	166	1314	1479	9.88e-80	307
SRR4427267.925742	KR073469.1	98.230	226	1	3	1	226	1329	1107	3.80e-105	392
SRR4427267.926115	MN795831.1	100.000	166	0	0	1	166	1548	1383	9.81e-80	307
SRR4427267.927082	MT600434.1	98.883	179	0	2	1	177	1897	1719	4.91e-83	318
SRR4427267.927193	MN588525.1	99.556	225	0	1	1	225	1049	826	3.77e-110	409
SRR4427267.927833	MT342720.1	98.264	288	3	2	1	286	334	621	2.22e-138	503
SRR4427267.927920	CY172023.1	99.398	166	0	1	1	165	1646	1811	1.64e-77	300
SRR4427267.929435	KX254877.1	99.459	185	0	1	1	185	918	1101	5.21e-88	335
SRR4427267.930012	MN589198.1	99.492	197	0	1	1	196	1117	921	1.18e-94	357
SRR4427267.930626	MT270084.1	100.000	189	0	0	1	189	304	116	1.89e-92	350
SRR4427267.9319	MN230663.1	100.000	204	0	0	1	204	361	158	9.42e-101	377
SRR4427267.941441	MT270014.1	98.544	206	0	3	1	204	63	267	9.49e-96	361
SRR4427267.945166	CY171999.1	99.541	218	1	0	1	218	1454	1237	7.83e-107	398
SRR4427267.94587	MT270067.1	99.669	302	0	1	1	301	960	1261	8.24e-153	551
SRR4427267.946738	MT270067.1	99.435	177	0	1	1	176	912	1088	1.36e-83	320
SRR4427267.947724	KX002326.1	98.370	184	0	3	1	184	1361	1541	1.50e-83	320
SRR4427267.949703	MT342753.1	99.535	215	1	0	1	215	430	216	3.60e-105	392
SRR4427267.950824	MT270081.1	100.000	169	0	0	1	169	972	1140	2.17e-81	313
SRR4427267.951073	KF217028.1	98.936	188	0	2	2	187	1024	837	5.24e-88	335
SRR4427267.951748	MN589198.1	100.000	197	0	0	1	197	1117	921	7.08e-97	364
SRR4427267.95293	LC033396.1	100.000	186	0	0	1	186	186	1	8.66e-91	344
SRR4427267.954027	MT270014.1	100.000	152	0	0	2	153	369	218	5.37e-72	281
SRR4427267.954042	MT270081.1	98.974	195	2	0	1	195	661	467	1.96e-92	350
SRR4427267.956307	MT270021.1	98.684	228	1	2	1	228	492	267	1.77e-108	403
SRR4427267.957388	MN230663.1	100.000	228	0	0	1	228	98	325	4.92e-114	422
SRR4427267.961209	KR073469.1	100.000	185	0	0	1	185	1209	1025	3.07e-90	342
SRR4427267.966242	CY217749.1	100.000	151	0	0	1	151	721	871	1.91e-71	279
SRR4427267.966410	MK960099.1	100.000	165	0	0	1	165	46	210	3.50e-79	305
SRR4427267.966906	MN230663.1	99.429	175	0	1	1	174	251	77	1.73e-82	316
SRR4427267.970925	MN589198.1	100.000	152	0	0	1	152	898	1049	5.37e-72	281
SRR4427267.971156	MT270081.1	99.190	247	0	2	1	246	270	25	1.15e-120	444
SRR4427267.971792	CY182434.1	94.631	149	0	8	1	149	358	498	9.02e-55	224
SRR4427267.972202	MN589190.1	99.333	150	0	1	109	257	996	847	2.16e-68	270
SRR4427267.973764	MT315041.1	99.412	170	1	0	1	170	1139	1308	2.81e-80	309
SRR4427267.974583	CY172103.1	100.000	190	0	0	1	190	1322	1511	5.28e-93	351
SRR4427267.98402	MT449130.1	98.438	192	0	3	1	191	1444	1633	5.31e-88	335
SRR4427267.985055	MT343013.1	100.000	160	0	0	1	160	55	214	2.03e-76	296
SRR4427267.987171	MK911844.1	100.000	155	0	0	1	155	172	18	1.17e-73	287
SRR4427267.995277	MT499566.1	99.203	251	0	2	1	249	255	5	6.92e-123	451
SRR4427267.996513	MT270025.1	98.611	288	0	4	1	287	931	647	1.71e-139	507
SRR4427270.101569	KM880099.1	96.059	203	6	2	1	203	3018	3218	2.68e-86	329
SRR4427270.101575	MH229997.1	96.296	162	6	0	1	162	3146	3307	1.63e-67	267
SRR4427270.101580	MH229997.1	95.541	157	6	1	1	157	3147	3302	1.59e-62	250
SRR4427270.101585	KM880099.1	93.631	157	5	5	1	156	3024	3176	2.04e-56	230
SRR4427270.101588	MH229997.1	96.732	153	5	0	1	153	3151	3303	3.28e-64	255
SRR4427270.101592	KM880099.1	96.500	200	7	0	1	200	3023	3222	7.26e-87	331
SRR4427270.101616	KM880099.1	96.875	160	5	0	1	160	3165	3006	4.46e-68	268
SRR4427270.101618	KM880099.1	96.753	154	5	0	1	154	3165	3012	9.19e-65	257
SRR4427270.101621	KM880099.1	96.753	154	5	0	1	154	3165	3012	9.19e-65	257
SRR4427270.101622	KM880099.1	97.006	167	5	0	1	167	3165	2999	6.04e-72	281
SRR4427270.101624	KM880099.1	96.552	232	5	3	2	232	3027	3256	8.48e-102	381
SRR4427270.106099	JX393302.1	99.432	176	1	0	1	176	894	1069	1.36e-83	320
SRR4427270.113165	KM880100.1	96.933	163	5	0	2	164	6764	6602	9.88e-70	274
SRR4427270.119587	KM880099.1	94.737	247	9	4	1	244	2935	3180	9.04e-102	381
SRR4427270.120412	KM880100.1	95.812	191	8	0	1	191	6819	6629	3.24e-80	309
SRR4427270.129129	KM880100.1	94.737	171	7	2	1	170	6774	6605	6.17e-67	265
SRR4427270.129133	KM880100.1	96.429	168	6	0	1	168	6772	6605	7.87e-71	278
SRR4427270.129143	KM880100.1	96.178	157	6	0	1	157	6772	6616	9.34e-65	257
SRR4427270.129152	KM880100.1	96.407	167	6	0	1	167	6771	6605	2.81e-70	276
SRR4427270.129154	KM880100.1	94.949	198	9	1	3	200	6769	6573	3.42e-80	309
SRR4427270.129162	KM880100.1	96.053	152	6	0	1	152	6770	6619	5.40e-62	248
SRR4427270.129175	KM880100.1	96.386	166	6	0	1	166	6770	6605	1.00e-69	274
SRR4427270.136160	KM880099.1	96.859	191	5	1	1	191	6724	6535	5.35e-83	318
SRR4427270.136188	KM880099.1	97.024	168	4	1	1	167	6723	6556	6.04e-72	281
SRR4427270.136218	KM880100.1	96.129	155	3	3	1	155	6716	6565	1.55e-62	250
SRR4427270.136229	KM880099.1	96.471	170	6	0	1	170	6722	6553	6.17e-72	281
SRR4427270.136234	KM880100.1	98.013	151	3	0	1	151	6715	6565	1.93e-66	263
SRR4427270.136365	KM880099.1	96.835	158	4	1	1	158	6712	6556	2.04e-66	263
SRR4427270.136371	KM880099.1	97.748	222	4	1	1	221	6713	6492	8.05e-102	381
SRR4427270.136372	KM880099.1	97.222	180	4	1	1	179	6712	6533	1.39e-78	303
SRR4427270.144988	KM880099.1	95.370	216	7	3	1	215	3006	3219	1.32e-89	340
SRR4427270.144990	KM880099.1	97.076	171	5	0	1	171	3006	3176	3.71e-74	289
SRR4427270.145003	KM880099.1	96.098	205	7	1	2	205	3003	3207	2.11e-87	333
SRR4427270.145499	KX276188.1	96.178	157	0	6	1	157	1122	972	4.45e-63	252
SRR4427270.145826	KM880100.1	94.286	175	6	4	3	173	6755	6581	6.35e-67	265
SRR4427270.146074	KX276188.1	94.413	179	8	2	3	180	1060	1237	1.14e-69	274
SRR4427270.149731	KM880099.1	98.780	164	1	1	1	163	326	163	9.73e-75	291
SRR4427270.149745	KM880099.1	99.367	158	0	1	1	158	327	171	4.39e-73	285
SRR4427270.149746	KM880099.1	99.379	161	1	0	1	161	327	167	2.66e-75	292
SRR4427270.149760	KM880099.1	100.000	149	0	0	1	149	327	179	2.43e-70	276
SRR4427270.150477	KF322115.1	96.635	208	2	5	1	208	210	412	1.27e-89	340
SRR4427270.155736	JX393302.1	96.889	225	1	6	1	223	1095	875	4.90e-99	372
SRR4427270.155783	JX393302.1	99.024	205	1	1	1	205	1092	889	2.09e-97	366
SRR4427270.155802	KX276188.1	95.652	161	6	1	1	161	1042	1201	9.72e-65	257
SRR4427270.155823	KX276188.1	95.506	178	7	1	1	177	1041	1218	1.79e-72	283
SRR4427270.167319	KM880099.1	96.341	164	6	0	1	164	2948	3111	1.29e-68	270
SRR4427270.168524	KM880099.1	96.319	163	5	1	1	162	2999	3161	1.62e-67	267
SRR4427270.168538	KM880099.1	97.268	183	5	0	1	183	2999	3181	8.67e-81	311
SRR4427270.168542	KM880099.1	94.819	193	6	4	1	192	2991	3180	7.06e-77	298
SRR4427270.168552	KM880099.1	96.552	174	6	0	1	174	2989	3162	3.77e-74	289
SRR4427270.168556	KM880099.1	97.368	228	6	0	1	228	2999	3226	4.97e-104	388
SRR4427270.173113	KM880099.1	95.706	163	5	2	1	163	3166	3006	7.63e-66	261
SRR4427270.173114	MH229997.1	96.667	150	5	0	1	150	3293	3144	1.49e-62	250
SRR4427270.173116	KM880099.1	96.774	155	5	0	1	155	3166	3012	2.58e-65	259
SRR4427270.173128	KM880099.1	97.222	180	5	0	1	180	3167	2988	3.93e-79	305
SRR4427270.173136	KM880099.1	96.482	199	7	0	1	199	3166	2968	2.60e-86	329
SRR4427270.173473	KX276188.1	96.078	153	4	2	1	152	1014	1165	5.49e-62	248
SRR4427270.173475	KX276188.1	95.652	207	8	1	1	206	1014	1220	7.61e-87	331
SRR4427270.18144	JF838290.1	96.078	153	5	1	3	155	2848	2697	5.58e-62	248
SRR4427270.193508	JX393302.1	97.576	165	2	2	1	165	797	959	5.95e-72	281
SRR4427270.193509	JX393302.1	98.305	177	2	1	1	176	796	972	2.95e-80	309
SRR4427270.193513	JX393302.1	98.065	155	3	0	1	155	792	946	1.18e-68	270
SRR4427270.197713	KM880099.1	91.949	236	5	14	1	234	3033	3256	6.81e-83	318
SRR4427270.197716	KM880099.1	96.364	165	5	1	1	165	3033	3196	1.29e-68	270
SRR4427270.197732	KM880099.1	96.933	163	4	1	1	163	3033	3194	3.50e-69	272
SRR4427270.197739	KM880099.1	96.757	185	6	0	1	185	3033	3217	3.12e-80	309
SRR4427270.197749	KM880099.1	95.676	185	6	2	1	185	3033	3215	2.43e-76	296
SRR4427270.197753	KM880099.1	96.444	225	6	2	1	223	3033	3257	1.76e-98	370
SRR4427270.197779	KM880099.1	97.115	208	6	0	1	208	3033	3240	5.88e-93	351
SRR4427270.197784	KM880099.1	95.261	211	6	4	1	210	3033	3240	7.79e-87	331
SRR4427270.204195	KF322115.1	97.500	160	1	3	1	160	248	404	1.23e-68	270
SRR4427270.226265	KF322116.1	96.313	217	7	1	1	217	648	863	4.80e-94	355
SRR4427270.226267	MH229997.1	96.154	208	7	1	1	208	3030	3236	4.58e-89	339
SRR4427270.226472	MH229997.1	95.631	206	7	2	1	206	3234	3031	2.72e-86	329
SRR4427270.236880	KM880100.1	94.667	150	6	2	1	150	6738	6591	5.34e-57	231
SRR4427270.236900	KM880100.1	96.571	175	6	0	1	175	6741	6567	1.06e-74	291
SRR4427270.237983	KM880099.1	96.943	229	5	2	1	228	6686	6459	2.32e-102	383
SRR4427270.237986	KM880099.1	97.419	155	3	1	1	155	6692	6539	1.99e-66	263
SRR4427270.237990	KM880099.1	97.576	165	3	1	1	165	6692	6529	5.90e-72	281
SRR4427270.237993	KM880099.1	96.894	161	3	2	1	161	6692	6534	4.63e-68	268
SRR4427270.238001	KM880099.1	98.214	168	3	0	1	168	6692	6525	7.75e-76	294
SRR4427270.238003	KM880099.1	97.661	171	3	1	1	171	6692	6523	2.87e-75	292
SRR4427270.238009	KM880099.1	98.052	154	3	0	1	154	6692	6539	4.25e-68	268
SRR4427270.238014	KM880099.1	98.052	154	3	0	1	154	6692	6539	4.25e-68	268
SRR4427270.238017	KM880099.1	96.648	179	5	1	1	178	6680	6502	2.32e-76	296
SRR4427270.238023	KM880099.1	98.039	153	3	0	1	153	6691	6539	1.51e-67	267
SRR4427270.238027	KM880099.1	97.516	161	3	1	1	160	6686	6526	9.58e-70	274
SRR4427270.251652	KM880099.1	95.455	154	6	1	1	154	3007	3159	7.10e-61	244
SRR4427270.251654	KM880099.1	96.429	252	7	2	1	252	3007	3256	9.25e-112	414
SRR4427270.26896	KM880099.1	95.484	155	7	0	1	155	3120	2966	5.53e-62	248
SRR4427270.292110	KM880100.1	94.667	225	10	2	1	225	6827	6605	8.34e-92	348
SRR4427270.303521	JX393302.1	98.089	157	3	0	1	157	865	1021	9.35e-70	274
SRR4427270.303534	JX393302.1	98.710	155	2	0	2	156	952	798	2.62e-70	276
SRR4427270.305212	KM880099.1	96.791	187	6	0	1	187	3193	3007	2.44e-81	313
SRR4427270.31082	KM880099.1	98.876	178	2	0	1	178	6669	6492	4.98e-83	318
SRR4427270.31102	KM880100.1	95.385	195	9	0	1	195	6810	6616	9.18e-81	311
SRR4427270.315496	KX276188.1	96.154	208	7	1	1	207	994	1201	4.58e-89	339
SRR4427270.315505	JX393302.1	97.802	182	3	1	1	182	1041	861	2.36e-81	313
SRR4427270.315514	JX393302.1	97.717	219	3	2	1	218	1037	820	3.67e-100	375
SRR4427270.315518	JX393302.1	97.959	245	3	2	1	243	1041	797	1.47e-114	424
SRR4427270.316339	MH229997.1	96.552	174	2	4	1	172	1141	970	4.80e-73	285
SRR4427270.323845	JX393302.1	98.160	163	2	1	2	163	795	957	1.63e-72	283
SRR4427270.326616	KM880099.1	96.053	152	5	1	1	151	3012	3163	1.92e-61	246
SRR4427270.326634	KM880099.1	96.753	154	5	0	1	154	3012	3165	9.12e-65	257
SRR4427270.326654	KF322116.1	96.154	156	6	0	1	156	671	826	3.36e-64	255
SRR4427270.326660	KF322116.1	96.364	165	6	0	1	165	672	836	3.55e-69	272
SRR4427270.326671	KM880099.1	95.021	241	8	4	1	240	2930	3167	4.15e-100	375
SRR4427270.326686	KF322116.1	95.625	160	6	1	1	160	679	837	3.47e-64	255
SRR4427270.33187	KM880099.1	96.635	208	5	2	1	207	3240	3034	9.72e-91	344
SRR4427270.332112	KM880099.1	98.837	172	2	0	1	172	6505	6676	1.03e-79	307
SRR4427270.340930	KM880099.1	95.431	197	6	3	2	197	6733	6539	9.35e-81	311
SRR4427270.342581	MH229997.1	95.364	151	6	1	2	151	3294	3144	3.25e-59	239
SRR4427270.342586	KM880099.1	94.904	157	6	2	2	158	3166	3012	7.39e-61	244
SRR4427270.342594	KM880099.1	95.794	214	9	0	1	214	3166	2953	2.83e-91	346
SRR4427270.344607	KM880100.1	94.048	168	7	3	1	166	6577	6743	4.70e-63	252
SRR4427270.346209	KM880100.1	97.351	151	3	1	1	150	6565	6715	3.17e-64	255
SRR4427270.346215	KM880100.1	95.652	184	7	1	1	183	6568	6751	8.67e-76	294
SRR4427270.352631	KM880100.1	94.565	184	8	2	1	183	6801	6619	1.86e-72	283
SRR4427270.352649	KM880100.1	95.312	192	9	0	2	193	6801	6610	4.22e-79	305
SRR4427270.357827	KM880099.1	95.266	169	5	3	1	169	2911	3076	6.93e-67	265
SRR4427270.357843	KF322116.1	96.089	179	6	1	1	179	655	832	1.09e-74	291
SRR4427270.357846	KM880099.1	95.294	170	5	3	1	168	2911	3079	1.73e-67	267
SRR4427270.357874	KF322116.1	93.714	175	5	5	1	175	656	824	1.08e-64	257
SRR4427270.359124	KM880100.1	96.894	161	5	0	1	161	6742	6582	1.25e-68	270
SRR4427270.363754	JX393302.1	98.160	163	2	1	1	162	818	980	1.60e-72	283
SRR4427270.363760	JX393302.1	97.546	163	2	2	1	161	815	977	7.46e-71	278
SRR4427270.363766	JX393302.1	96.569	204	3	4	1	200	818	1021	5.68e-88	335
SRR4427270.370670	KM880099.1	95.392	217	7	2	1	214	608	824	3.66e-90	342
SRR4427270.370675	KM880099.1	94.787	211	8	3	1	210	608	816	3.60e-85	326
SRR4427270.374784	KM880099.1	94.771	153	2	6	1	150	6539	6688	1.51e-57	233
SRR4427270.383878	JX393302.1	98.000	200	2	1	1	198	933	1132	2.64e-91	346
SRR4427270.417771	KM880100.1	97.183	213	4	2	1	212	1046	835	3.57e-95	359
SRR4427270.420626	KM880100.1	94.652	187	5	5	1	184	6567	6751	5.25e-73	285
SRR4427270.420647	KM880100.1	96.026	151	4	2	1	150	6567	6716	6.92e-61	244
SRR4427270.424762	KM880099.1	95.918	196	5	3	3	195	643	838	7.10e-82	315
SRR4427270.426492	KM880099.1	96.622	148	5	0	1	148	3111	2964	1.91e-61	246
SRR4427270.426494	KM880099.1	96.552	232	8	0	3	234	3112	2881	6.66e-103	385
SRR4427270.426500	KM880099.1	96.450	169	6	0	1	169	3111	2943	2.22e-71	279
SRR4427270.426501	KF322116.1	95.261	211	7	3	3	212	859	651	7.83e-87	331
SRR4427270.446347	KM880099.1	97.159	176	5	0	1	176	821	646	6.35e-77	298
SRR4427270.446349	KM880099.1	94.054	185	7	4	1	184	816	635	8.73e-71	278
SRR4427270.446358	KM880099.1	96.429	196	6	1	1	196	817	623	4.27e-84	322
SRR4427270.446366	KM880099.1	96.471	170	5	1	1	170	816	648	2.22e-71	279
SRR4427270.446379	KM880099.1	95.732	164	5	2	1	163	816	654	2.11e-66	263
SRR4427270.457707	JX393302.1	97.826	184	3	1	1	183	819	1002	1.84e-82	316
SRR4427270.457725	JX393302.1	95.580	181	3	2	1	180	822	998	5.12e-73	285
SRR4427270.457738	JX393302.1	97.326	187	3	2	1	186	823	1008	1.89e-82	316
SRR4427270.457746	JX393302.1	98.052	154	2	1	1	153	824	977	1.51e-67	267
SRR4427270.470916	KM880099.1	96.744	215	7	0	1	215	2975	3189	3.63e-95	359
SRR4427270.470992	KM880099.1	95.536	224	9	1	1	224	2978	3200	1.38e-94	357
SRR4427270.494229	KM880099.1	95.109	184	6	3	1	183	2999	3180	1.45e-73	287
SRR4427270.494234	KM880099.1	95.625	160	6	1	1	160	2999	3157	3.44e-64	255
SRR4427270.494238	KM880099.1	96.789	218	7	0	1	218	3001	3218	7.98e-97	364
SRR4427270.495027	KM880100.1	93.452	168	7	4	1	166	6605	6770	2.19e-61	246
SRR4427270.496939	JX393302.1	98.701	154	2	0	1	154	958	805	9.05e-70	274
SRR4427270.496944	JX393302.1	98.701	154	2	0	1	154	958	805	9.05e-70	274
SRR4427270.496965	JX393302.1	98.204	167	3	0	1	167	957	791	2.77e-75	292
SRR4427270.496968	KM880099.1	96.791	187	5	1	1	187	835	650	8.84e-81	311
SRR4427270.497322	KM880099.1	96.648	179	5	1	1	178	650	828	2.32e-76	296
SRR4427270.505220	KF322116.1	95.812	191	6	2	2	192	826	638	1.17e-79	307
SRR4427270.505325	KF322116.1	95.302	149	5	2	1	149	702	848	4.24e-58	235
SRR4427270.506039	MH229997.1	95.679	162	6	1	1	162	3303	3143	2.70e-65	259
SRR4427270.506664	JX393302.1	98.413	189	1	2	1	189	883	1069	6.87e-87	331
SRR4427270.507078	KF322116.1	96.040	202	8	0	1	202	837	636	2.77e-86	329
SRR4427270.507480	MH229997.1	95.673	208	8	1	1	207	3267	3060	2.12e-87	333
SRR4427270.508332	KF322116.1	96.203	158	5	1	2	159	688	844	9.49e-65	257
SRR4427270.508549	KM880099.1	97.354	189	4	1	1	188	163	351	1.47e-83	320
SRR4427270.508591	KF322115.1	99.401	167	0	1	2	168	396	231	4.70e-78	302
SRR4427270.508666	JX393302.1	97.546	163	3	1	1	163	1003	842	7.58e-71	278
SRR4427270.509226	KF322116.1	96.610	177	6	0	1	177	835	659	8.33e-76	294
SRR4427270.509285	KF322115.1	98.990	198	1	1	1	198	426	230	1.53e-93	353
SRR4427270.509298	KM880099.1	98.758	161	1	1	1	160	163	323	4.39e-73	285
SRR4427270.509780	MH229997.1	95.305	213	9	1	1	213	3067	3278	1.69e-88	337
SRR4427270.509813	KM880099.1	93.182	176	5	7	1	173	3183	3012	4.94e-63	252
SRR4427270.510775	KF322115.1	98.985	197	1	1	1	196	251	447	5.48e-93	351
SRR4427270.511192	KM880099.1	96.089	179	5	2	1	178	3180	3003	1.08e-74	291
SRR4427270.511408	KM880099.1	99.363	157	1	0	1	157	323	167	4.32e-73	285
SRR4427270.511566	KF322116.1	96.296	189	6	1	1	188	826	638	3.20e-80	309
SRR4427270.512093	JX393302.1	98.765	162	2	0	1	162	960	799	3.47e-74	289
SRR4427270.512307	KM880099.1	98.658	149	2	0	1	149	6521	6669	5.36e-67	265
SRR4427270.513392	JX393302.1	96.933	163	3	2	1	161	851	1013	3.50e-69	272
SRR4427270.514361	KF322115.1	99.000	200	2	0	2	201	412	213	3.37e-95	359
SRR4427270.515089	KM880099.1	96.392	194	6	1	6	198	3076	2883	5.62e-83	318
SRR4427270.515155	KX276188.1	95.580	181	8	0	1	181	1057	1237	1.12e-74	291
SRR4427270.515302	JX393302.1	96.951	164	3	2	1	163	861	1023	9.73e-70	274
SRR4427270.515542	JX393302.1	96.875	160	3	2	1	160	948	791	1.60e-67	267
SRR4427270.515786	JX393302.1	97.688	173	3	1	2	174	1022	851	2.27e-76	296
SRR4427270.515855	MH229997.1	98.113	159	2	1	1	158	979	1137	2.62e-70	276
SRR4427270.516322	KM880099.1	96.203	158	5	1	1	157	3013	3170	9.34e-65	257
SRR4427270.516467	KF322115.1	99.034	207	2	0	1	207	427	221	4.49e-99	372
SRR4427270.518264	KM880099.1	96.753	154	4	1	1	153	6539	6692	3.55e-64	255
SRR4427270.518817	KM880099.1	95.954	173	7	0	1	173	3140	2968	6.26e-72	281
SRR4427270.519533	KM880099.1	96.596	235	5	3	1	235	257	488	1.86e-103	387
SRR4427270.520390	KF322115.1	99.459	185	1	0	1	185	415	231	1.44e-88	337
SRR4427270.520876	MH229997.1	96.791	187	3	2	1	185	956	1141	3.12e-80	309
SRR4427270.521121	KX276188.1	94.619	223	7	5	2	220	1182	961	1.38e-89	340
SRR4427270.522841	KM880100.1	95.812	191	7	1	2	192	6754	6565	1.17e-79	307
SRR4427270.523646	JX393302.1	97.790	181	3	1	1	180	878	1058	8.38e-81	311
SRR4427270.523752	JX393302.1	98.013	151	3	0	1	151	834	984	1.91e-66	263
SRR4427270.525345	MH229997.1	97.500	160	2	2	1	159	979	1137	3.42e-69	272
SRR4427270.525385	KF322116.1	96.644	149	5	0	4	152	689	837	5.44e-62	248
SRR4427270.526231	KF322115.1	98.204	167	1	2	1	166	427	262	9.88e-75	291
SRR4427270.526573	MH229997.1	95.706	163	6	1	1	163	3305	3144	7.63e-66	261
SRR4427270.527039	KF322115.1	98.404	188	2	1	1	187	384	197	2.42e-86	329
SRR4427270.527273	KM880099.1	94.304	158	1	8	1	156	161	312	4.48e-58	235
SRR4427270.528085	KM880099.1	95.767	189	5	3	1	187	3017	3204	5.35e-78	302
SRR4427270.528635	KM880099.1	96.859	191	6	0	1	191	3178	2988	1.50e-83	320
SRR4427270.529031	KF322115.1	99.412	170	1	0	1	170	238	407	2.81e-80	309
SRR4427270.529448	KF322115.1	98.925	186	1	1	1	186	415	231	6.83e-87	331
SRR4427270.529576	MH229997.1	95.541	157	6	1	3	159	3305	3150	1.60e-62	250
SRR4427270.529704	JX393302.1	98.295	176	2	1	1	175	1071	896	1.05e-79	307
SRR4427270.529800	KM880099.1	95.604	182	7	1	1	182	3221	3041	1.14e-74	291
SRR4427270.530311	KM880099.1	97.368	152	3	1	1	151	6548	6699	8.89e-65	257
SRR4427270.530451	KM880099.1	96.104	154	6	0	1	154	3119	2966	4.24e-63	252
SRR4427270.531800	KX276188.1	97.030	202	5	1	1	201	1172	971	4.37e-89	339
SRR4427270.532282	KM880099.1	93.923	181	8	3	1	181	2974	3151	1.44e-68	270
SRR4427270.532777	JX393302.1	97.906	191	4	0	1	191	1009	819	6.91e-87	331
SRR4427270.532800	JX393302.1	98.876	178	1	1	3	179	1064	887	1.80e-82	316
SRR4427270.533401	KM880099.1	98.750	160	0	2	7	165	336	178	1.65e-72	283
SRR4427270.533475	MH229997.1	94.565	184	8	2	1	184	3067	3248	1.88e-72	283
SRR4427270.533727	MH229997.1	97.462	197	3	1	1	195	957	1153	5.62e-88	335
SRR4427270.533862	JX393302.1	95.339	236	3	8	1	232	905	1136	6.64e-98	368
SRR4427270.534178	KM880100.1	95.395	152	4	3	1	151	6714	6565	3.22e-59	239
SRR4427270.534330	KM880099.1	93.970	199	7	5	2	199	824	630	2.63e-76	296
SRR4427270.534540	KF322115.1	98.901	182	2	0	1	182	164	345	3.05e-85	326
SRR4427270.535459	MH229997.1	97.468	158	2	2	1	156	1144	987	4.32e-68	268
SRR4427270.535892	KF322116.1	95.082	183	7	2	1	181	883	701	1.42e-73	287
SRR4427270.536893	JX393302.1	95.652	161	3	4	1	158	853	1012	3.39e-64	255
SRR4427270.537862	KM880099.1	98.851	174	1	1	1	173	163	336	2.95e-80	309
SRR4427270.537914	KX276188.1	95.385	195	8	1	1	195	1023	1216	3.32e-80	309
SRR4427270.538736	KM880099.1	97.297	185	5	0	1	185	824	640	6.74e-82	315
SRR4427270.538985	JX393302.1	96.855	159	3	2	1	158	851	1008	5.67e-67	265
SRR4427270.538987	JX393302.1	97.500	160	3	1	1	159	854	1013	3.42e-69	272
SRR4427270.540422	KF322115.1	99.459	185	1	0	1	185	414	230	1.43e-88	337
SRR4427270.540885	KX276188.1	95.767	189	7	1	1	188	1217	1029	1.48e-78	303
SRR4427270.541048	KM880099.1	95.775	213	9	0	1	213	2953	3165	1.01e-90	344
SRR4427270.541113	KM880099.1	96.610	177	6	0	1	177	3041	3217	8.27e-76	294
SRR4427270.541124	KF322115.1	98.137	161	1	2	1	161	413	255	2.06e-71	279
SRR4427270.542470	KM880099.1	97.175	177	5	0	1	177	3176	3000	1.78e-77	300
SRR4427270.543501	KF322115.1	96.774	217	2	5	1	215	418	205	1.31e-94	357
SRR4427270.544048	MH229997.1	95.960	198	8	0	1	198	3249	3052	4.35e-84	322
SRR4427270.544120	JX393302.1	98.065	155	3	0	1	155	1014	860	1.19e-68	270
SRR4427270.544249	KM880099.1	96.689	151	4	1	1	150	6542	6692	1.48e-62	250
SRR4427270.545269	KX276189.1	97.605	167	2	1	2	166	982	1148	4.63e-73	285
SRR4427270.545881	KM880099.1	96.471	170	6	0	1	170	3181	3012	6.17e-72	281
SRR4427270.547126	KM880099.1	96.203	158	6	0	1	158	2954	3111	2.68e-65	259
SRR4427270.547261	KM880100.1	96.970	165	5	0	1	165	6752	6588	7.69e-71	278
SRR4427270.548261	KM880099.1	96.635	208	7	0	1	208	824	617	2.74e-91	346
SRR4427270.548496	KF322115.1	99.482	193	1	0	3	195	447	255	5.41e-93	351
SRR4427270.548539	KX276188.1	96.154	182	4	2	1	179	1160	979	8.44e-76	294
SRR4427270.548606	KX276188.1	96.226	212	7	1	3	213	1201	990	2.80e-91	346
SRR4427270.549214	KM880100.1	96.774	186	3	3	1	184	854	1038	1.12e-79	307
SRR4427270.549217	KM880099.1	95.492	244	6	5	2	242	6706	6465	6.89e-103	385
SRR4427270.549240	KM880099.1	98.750	160	2	0	1	160	6517	6676	4.46e-73	285
SRR4427270.549443	KM880100.1	96.277	188	7	0	1	188	6754	6567	3.20e-80	309
SRR4427270.550196	KF322115.1	99.432	176	1	0	1	176	416	241	1.35e-83	320
SRR4427270.550389	JX393302.1	98.726	157	2	0	1	157	977	821	1.99e-71	279
SRR4427270.550583	JX393302.1	96.078	153	2	4	1	153	977	829	1.97e-61	246
SRR4427270.550731	KM880100.1	96.000	175	6	1	1	175	6732	6559	1.77e-72	283
SRR4427270.550846	KM880099.1	95.000	160	6	2	1	160	2954	3111	1.64e-62	250
SRR4427270.551405	JX393302.1	98.193	166	3	0	1	166	998	833	9.95e-75	291
SRR4427270.551522	KM880099.1	99.454	183	1	0	4	186	336	154	1.87e-87	333
SRR4427270.551766	KX276188.1	95.808	167	6	1	3	168	1201	1035	4.73e-68	268
SRR4427270.553070	KM880100.1	96.635	208	7	0	1	208	6788	6581	2.74e-91	346
SRR4427270.553896	KF322115.1	99.057	212	2	0	1	212	428	217	7.67e-102	381
SRR4427270.554017	KM880099.1	96.970	165	2	3	1	164	6518	6680	9.95e-70	274
SRR4427270.554669	KF322115.1	98.883	179	1	1	1	179	414	237	4.98e-83	318
SRR4427270.554844	KF322116.1	95.732	164	7	0	4	167	863	700	6.08e-67	265
SRR4427270.555263	KX276188.1	96.471	170	2	3	2	168	957	1125	7.81e-71	278
SRR4427270.555395	KF322115.1	99.425	174	1	0	1	174	404	231	1.75e-82	316
SRR4427270.555579	KM880099.1	96.708	243	7	1	1	242	3041	3283	1.91e-108	403
SRR4427270.555967	JX393302.1	97.409	193	1	4	1	191	1075	885	3.22e-85	326
SRR4427270.556570	KM880100.1	97.436	156	4	0	1	156	6732	6577	1.58e-67	267
SRR4427270.556581	KF322115.1	99.346	153	1	0	1	153	244	396	7.00e-71	278
SRR4427270.557526	KM880099.1	97.838	185	2	2	1	184	6509	6692	5.21e-83	318
SRR4427270.557799	KF322115.1	99.061	213	1	1	1	213	441	230	7.67e-102	381
SRR4427270.557930	KM880100.1	95.556	180	7	1	1	180	6788	6610	1.41e-73	287
SRR4427270.558915	KM880099.1	94.811	212	9	2	1	211	3087	2877	2.79e-86	329
SRR4427270.559139	KM880099.1	97.207	179	5	0	1	179	3178	3000	1.39e-78	303
SRR4427270.559762	JX393302.1	97.500	160	3	1	1	160	944	786	3.44e-69	272
SRR4427270.560194	KM880099.1	96.732	153	5	0	1	153	3140	2988	3.28e-64	255
SRR4427270.561109	JX393302.1	98.039	153	3	0	1	153	852	1004	1.51e-67	267
SRR4427270.562620	KF322116.1	96.129	155	6	0	1	155	834	680	1.20e-63	254
SRR4427270.563054	KF322115.1	98.230	226	2	2	1	225	434	210	1.06e-105	394
SRR4427270.563277	KM880099.1	96.629	178	4	2	1	178	6704	6529	8.38e-76	294
SRR4427270.563791	MH229997.1	95.135	185	6	3	1	183	3234	3051	4.03e-74	289
SRR4427270.564782	JX393302.1	98.667	150	2	0	1	150	981	832	1.48e-67	267
SRR4427270.565029	KM880099.1	94.737	209	6	5	1	207	3176	2971	1.65e-83	320
SRR4427270.567721	KM880099.1	97.024	168	5	0	1	168	3041	3208	1.69e-72	283
SRR4427270.568123	KF322115.1	97.938	194	2	2	1	194	413	222	5.45e-88	335
SRR4427270.568388	KX276188.1	96.386	166	4	2	1	164	1160	995	3.55e-69	272
SRR4427270.568945	JX393302.1	98.758	161	2	0	1	161	977	817	1.23e-73	287
SRR4427270.569010	KM880099.1	98.857	175	1	1	4	178	336	163	8.33e-81	311
SRR4427270.569492	KX276188.1	95.041	242	11	1	1	242	1057	1297	3.21e-101	379
SRR4427270.569556	KX276188.1	94.949	198	8	1	1	196	1023	1220	3.36e-80	309
SRR4427270.570368	KM880100.1	95.973	149	3	3	1	149	6712	6567	3.19e-59	239
SRR4427270.570694	JX393302.1	96.739	184	3	3	1	184	971	791	1.44e-78	303
SRR4427270.571682	KF322116.1	96.407	167	6	0	1	167	682	848	2.83e-70	276
SRR4427270.572206	MH229997.1	97.297	185	2	2	1	183	962	1145	8.55e-81	311
SRR4427270.572814	KF322115.1	98.901	182	1	1	1	181	233	414	1.09e-84	324
SRR4427270.572919	KX276188.1	95.092	163	6	2	1	161	1194	1032	3.50e-64	255
SRR4427270.572920	KM880099.1	96.316	190	6	1	1	190	2988	3176	9.07e-81	311
SRR4427270.572992	KX276188.1	97.674	172	4	0	1	172	989	1160	2.22e-76	296
SRR4427270.573334	KM880099.1	96.757	185	6	0	1	185	3178	2994	3.14e-80	309
SRR4427270.573419	KM880099.1	94.915	236	9	3	2	236	2943	3176	2.46e-97	366
SRR4427270.573503	MH229997.1	96.364	165	6	0	1	165	3234	3070	3.61e-69	272
SRR4427270.574250	KX276188.1	95.302	149	7	0	1	149	1057	1205	1.15e-58	237
SRR4427270.574290	KM880100.1	96.129	155	5	1	1	154	6751	6597	4.28e-63	252
SRR4427270.574433	KM880099.1	95.516	223	7	3	3	222	3176	2954	1.77e-93	353
SRR4427270.574489	KF322116.1	97.115	208	5	1	1	207	637	844	2.09e-92	350
SRR4427270.574879	MH229997.1	95.628	183	7	1	1	183	3070	3251	3.12e-75	292
SRR4427270.575710	KM880099.1	98.352	182	3	0	1	182	202	383	1.42e-83	320
SRR4427270.577204	KF322116.1	93.789	161	6	3	1	161	670	826	3.52e-59	239
SRR4427270.577773	JX393302.1	97.546	163	2	2	1	162	983	822	7.46e-71	278
SRR4427270.577973	KF322115.1	99.429	175	1	0	1	175	365	191	4.87e-83	318
SRR4427270.578177	KM880099.1	97.436	156	2	2	1	154	6525	6680	5.72e-67	265
SRR4427270.578309	KX276188.1	96.296	162	4	2	2	161	1162	1001	5.76e-67	265
SRR4427270.578731	KF322116.1	95.152	165	5	3	1	165	848	687	9.95e-65	257
SRR4427270.579682	KM880099.1	95.516	223	9	1	1	222	3161	2939	4.88e-94	355
SRR4427270.580767	KF322115.1	97.076	171	1	4	1	170	404	237	4.74e-73	285
SRR4427270.580895	KF322115.1	99.425	174	1	0	1	174	406	233	1.74e-82	316
SRR4427270.580921	JX393302.1	98.413	189	3	0	1	189	1053	865	1.91e-87	333
SRR4427270.581665	KF322116.1	96.392	194	7	0	3	196	863	670	1.54e-83	320
SRR4427270.581718	JX393302.1	99.371	159	1	0	1	159	1034	876	3.45e-74	289
SRR4427270.581848	KF322115.1	99.355	155	1	0	1	155	406	252	5.45e-72	281
SRR4427270.581945	JX393302.1	96.209	211	3	5	1	208	1022	814	1.27e-89	340
SRR4427270.583395	KM880099.1	99.333	150	0	1	1	150	188	336	1.16e-68	270
SRR4427270.583826	KX276188.1	94.611	167	6	3	1	166	1201	1037	3.60e-64	255
SRR4427270.584622	JX393302.1	97.143	175	3	2	1	173	834	1008	8.10e-76	294
SRR4427270.585152	KF322115.1	98.980	196	2	0	1	196	412	217	5.48e-93	351
SRR4427270.585347	KF322116.1	96.273	161	6	0	1	161	699	859	5.76e-67	265
SRR4427270.585429	KF322116.1	96.386	166	5	1	1	165	826	661	3.61e-69	272
SRR4427270.585550	KM880099.1	99.359	156	0	1	1	155	334	179	5.45e-72	281
SRR4427270.585675	KF322116.1	95.580	181	7	1	1	181	875	696	3.98e-74	289
SRR4427270.585718	KX276188.1	93.827	162	6	4	1	161	1043	1201	9.94e-60	241
SRR4427270.586147	KF322115.1	98.190	221	2	2	1	221	197	415	6.26e-103	385
SRR4427270.586207	KF322115.1	99.528	212	1	0	1	212	441	230	1.64e-103	387
SRR4427270.586313	KX276188.1	97.531	162	2	2	1	161	979	1139	2.68e-70	276
SRR4427270.586685	KX276188.1	95.855	193	8	0	1	193	1002	1194	2.54e-81	313
SRR4427270.586884	KM880099.1	96.296	162	6	0	1	162	3182	3021	1.62e-67	267
SRR4427270.586888	KM880099.1	96.471	170	4	2	2	170	6713	6545	2.20e-71	279
SRR4427270.587410	JX393302.1	94.271	192	3	8	1	190	819	1004	1.58e-73	287
SRR4427270.588089	MH229997.1	94.253	174	7	3	1	174	3080	3250	2.30e-66	263
SRR4427270.588159	MH229997.1	96.341	164	5	1	1	163	3307	3144	4.56e-68	268
SRR4427270.588305	JX393302.1	98.649	148	2	0	7	154	994	847	1.98e-66	263
SRR4427270.588765	MH229997.1	96.000	225	8	1	1	225	3012	3235	8.24e-97	364
SRR4427270.589032	KX276188.1	95.000	160	7	1	1	159	1057	1216	1.60e-62	250
SRR4427270.590027	KX276188.1	94.771	153	5	3	3	153	1201	1050	4.24e-58	235
SRR4427270.590948	KF322116.1	94.286	175	6	3	1	175	826	656	6.39e-67	265
SRR4427270.590949	KF322116.1	96.512	172	6	0	1	172	827	656	4.80e-73	285
SRR4427270.591103	KX276188.1	95.455	176	7	1	7	181	1231	1056	2.40e-71	279
SRR4427270.591440	KM880099.1	95.980	199	7	1	1	199	2969	3166	4.37e-84	322
SRR4427270.592053	KM880099.1	96.629	178	5	1	1	178	3176	3000	8.33e-76	294
SRR4427270.592155	KF322115.1	99.438	178	1	0	2	179	418	241	1.07e-84	324
SRR4427270.592209	KM880099.1	95.364	151	6	1	1	151	3117	2968	3.22e-59	239
SRR4427270.592523	KM880099.1	95.858	169	6	1	1	168	3180	3012	3.66e-69	272
SRR4427270.592531	KX276188.1	95.455	220	7	2	1	218	953	1171	8.00e-92	348
SRR4427270.592793	KF322115.1	98.565	209	1	2	1	208	396	189	5.80e-98	368
SRR4427270.593533	KF322116.1	93.750	192	6	6	1	188	837	648	1.94e-72	283
SRR4427270.593960	KM880099.1	97.409	193	3	2	1	191	6478	6670	8.94e-86	327
SRR4427270.594967	KX276188.1	95.302	149	7	0	1	149	1057	1205	1.15e-58	237
SRR4427270.595761	KF322115.1	96.567	233	1	7	1	230	373	145	3.02e-101	379
SRR4427270.595951	KF322116.1	92.899	169	7	5	1	168	699	863	1.04e-59	241
SRR4427270.595991	KM880100.1	95.732	164	6	1	1	164	6782	6620	2.12e-66	263
SRR4427270.596035	KM880099.1	95.816	239	5	4	1	239	3041	3274	9.00e-102	381
SRR4427270.598047	MH229997.1	95.000	180	7	2	1	180	3249	3072	6.57e-72	281
SRR4427270.598127	KX276188.1	95.833	192	8	0	1	192	1023	1214	9.12e-81	311
SRR4427270.598766	JX393302.1	95.980	199	5	2	1	197	855	1052	1.54e-83	320
SRR4427270.599544	KF322116.1	96.364	165	6	0	1	165	662	826	3.58e-69	272
SRR4427270.599553	KX276188.1	95.906	171	7	0	1	171	1059	1229	8.04e-71	278
SRR4427270.600145	KX276188.1	97.765	179	2	1	2	178	957	1135	1.08e-79	307
SRR4427270.600770	KM880099.1	96.471	170	6	0	1	170	3181	3012	6.17e-72	281
SRR4427270.601049	MH229997.1	95.000	200	9	1	1	200	3050	3248	2.63e-81	313
SRR4427270.601552	KF322116.1	96.512	172	6	0	1	172	663	834	4.84e-73	285
SRR4427270.602001	KM880100.1	95.876	194	7	1	3	195	6772	6579	2.55e-81	313
SRR4427270.602098	KM880099.1	95.473	243	9	2	1	242	2924	3165	1.92e-103	387
SRR4427270.602367	KM880099.1	96.296	162	4	2	1	161	6698	6538	5.76e-67	265
SRR4427270.602529	KX276188.1	94.706	170	7	2	1	170	1213	1046	2.22e-66	263
SRR4427270.603458	KF322116.1	95.954	173	6	1	1	173	827	656	2.27e-71	279
SRR4427270.604105	KX276188.1	95.146	206	8	2	1	204	1229	1024	1.24e-84	324
SRR4427270.604662	KF322115.1	98.551	207	2	1	1	207	211	416	7.51e-97	364
SRR4427270.604927	MH229997.1	94.475	181	7	3	1	181	3059	3236	3.08e-70	276
SRR4427270.605726	MH229997.1	96.364	220	8	0	1	220	3249	3030	2.90e-96	363
SRR4427270.606682	KX276188.1	97.738	221	5	0	2	222	957	1177	8.10e-102	381
SRR4427270.607228	KM880099.1	96.951	164	5	0	1	164	3151	2988	2.75e-70	276
SRR4427270.607346	KM880100.1	94.667	150	7	1	1	149	6621	6770	5.34e-57	231
SRR4427270.607514	JX393302.1	98.913	184	1	1	1	183	1071	888	8.55e-86	327
SRR4427270.608822	JX393302.1	97.740	177	4	0	1	177	1021	845	3.85e-79	305
SRR4427270.610075	KF322115.1	99.333	150	0	1	1	150	237	385	1.13e-68	270
SRR4427270.610109	MH229997.1	96.319	163	6	0	1	163	3234	3072	4.56e-68	268
SRR4427270.610485	KF322116.1	95.833	168	6	1	1	167	681	848	1.32e-68	270
SRR4427270.610784	KM880099.1	96.825	189	3	3	1	187	6501	6688	2.47e-81	313
SRR4427270.611340	KF322115.1	97.596	208	4	1	1	208	413	207	4.54e-94	355
SRR4427270.612031	KF322116.1	96.335	191	7	0	1	191	669	859	6.92e-82	315
SRR4427270.612473	KF322115.1	98.844	173	1	1	1	172	345	173	1.03e-79	307
SRR4427270.612554	JX393302.1	98.020	202	2	2	1	202	1069	870	2.05e-92	350
SRR4427270.612918	KM880099.1	95.541	157	7	0	1	157	3134	2978	4.38e-63	252
SRR4427270.613613	KF322115.1	98.930	187	2	0	1	187	414	228	5.24e-88	335
SRR4427270.614300	KF322116.1	95.973	149	6	0	1	149	826	678	2.47e-60	243
SRR4427270.614328	KM880099.1	98.058	206	3	1	1	206	173	377	1.25e-94	357
SRR4427270.614548	KM880099.1	96.000	150	6	0	1	150	3117	2968	6.86e-61	244
SRR4427270.614591	KM880099.1	98.113	159	2	1	1	158	6517	6675	2.60e-70	276
SRR4427270.615425	KM880099.1	98.370	184	2	1	1	183	6497	6680	4.11e-84	322
SRR4427270.615485	KF322115.1	97.674	215	1	4	1	212	154	367	2.14e-97	366
SRR4427270.615777	KX276189.1	98.726	157	2	0	1	157	1140	984	2.03e-71	279
SRR4427270.615800	JX393302.1	97.386	153	3	1	1	152	852	1004	2.60e-65	259
SRR4427270.615862	KX276188.1	97.326	187	5	0	1	187	991	1177	5.28e-83	318
SRR4427270.616048	KM880099.1	97.101	207	6	0	1	207	3041	3247	2.10e-92	350
SRR4427270.616056	MH229997.1	96.447	197	7	0	1	197	3234	3038	3.34e-85	326
SRR4427270.616472	JX393302.1	96.154	208	4	4	1	207	1010	806	1.63e-88	337
SRR4427270.616949	JX393302.1	97.248	218	1	4	1	215	883	1098	7.85e-97	364
SRR4427270.616994	JX393302.1	98.824	170	1	1	1	169	1047	878	4.70e-78	302
SRR4427270.618164	KF322115.1	96.356	247	3	6	1	242	190	435	6.84e-108	401
SRR4427270.618332	KM880099.1	96.629	178	3	3	1	177	165	340	3.06e-75	292
SRR4427270.618451	JX393302.1	96.444	225	5	3	1	224	1009	787	6.64e-98	368
SRR4427270.618742	JX393302.1	96.482	199	3	3	1	196	856	1053	3.32e-85	326
SRR4427270.618920	KM880099.1	98.710	155	1	1	1	155	316	163	9.20e-70	274
SRR4427270.619000	KF322115.1	98.295	176	1	2	1	174	259	434	1.04e-79	307
SRR4427270.619083	KF322116.1	93.651	189	7	5	2	189	691	875	9.08e-71	278
SRR4427270.619135	KX276188.1	96.482	199	5	2	1	197	1177	979	9.28e-86	327
SRR4427270.619430	KM880100.1	96.729	214	4	2	1	211	833	1046	1.68e-93	353
SRR4427270.620537	KM880099.1	98.324	179	2	1	4	182	340	163	2.38e-81	313
SRR4427270.620661	KX276188.1	96.364	165	6	0	1	165	1032	1196	3.55e-69	272
SRR4427270.620907	JX393302.1	97.354	189	2	2	1	186	1010	822	5.21e-83	318
SRR4427270.621758	JX393302.1	95.732	164	3	4	1	161	851	1013	7.57e-66	261
SRR4427270.622526	MH229997.1	96.129	155	6	0	1	155	3144	3298	1.19e-63	254
SRR4427270.623113	JX393302.1	98.182	165	3	0	1	165	1010	846	3.55e-74	289
SRR4427270.624128	JX393302.1	97.980	198	3	1	1	198	1013	817	3.32e-90	342
SRR4427270.624383	JX393302.1	97.368	152	4	0	1	152	853	1004	2.56e-65	259
SRR4427270.624847	MH229997.1	95.706	163	6	1	1	162	3301	3139	7.57e-66	261
SRR4427270.625683	JX393302.1	97.403	154	2	1	1	154	1027	876	7.11e-66	261
SRR4427270.626264	KM880100.1	96.407	167	6	0	2	168	6788	6622	2.85e-70	276
SRR4427270.626286	JX393302.1	98.864	176	2	0	2	177	994	819	6.39e-82	315
SRR4427270.626443	KM880100.1	98.000	150	3	0	5	154	6728	6579	7.05e-66	261
SRR4427270.627084	MH229997.1	95.882	170	7	0	2	171	3250	3081	2.89e-70	276
SRR4427270.627704	MH229997.1	96.774	217	7	0	1	217	3016	3232	2.84e-96	363
SRR4427270.627972	KM880100.1	96.330	218	4	3	1	214	828	1045	4.70e-94	355
SRR4427270.628192	JX393302.1	97.561	164	3	1	1	163	847	1010	2.11e-71	279
SRR4427270.629149	JX393302.1	96.585	205	5	2	2	206	945	743	4.50e-89	339
SRR4427270.629809	KF322115.1	99.429	175	1	0	1	175	428	254	4.87e-83	318
SRR4427270.630072	KM880099.1	99.375	160	0	1	4	163	336	178	3.50e-74	289
SRR4427270.630210	KM880099.1	96.154	156	6	0	1	156	2969	3124	3.36e-64	255
SRR4427270.630229	KF322116.1	96.386	166	6	0	1	166	826	661	1.01e-69	274
SRR4427270.630234	JX393302.1	98.343	181	3	0	1	181	1034	854	5.04e-83	318
SRR4427270.631469	KM880099.1	98.788	165	1	1	1	165	323	160	2.73e-75	292
SRR4427270.631491	JX393302.1	97.685	216	3	2	1	215	855	1069	1.68e-98	370
SRR4427270.631578	KX276188.1	96.237	186	7	0	2	187	1219	1034	4.11e-79	305
SRR4427270.631609	KF322115.1	99.070	215	2	0	1	215	428	214	1.68e-103	387
SRR4427270.631911	JX393302.1	98.065	155	3	0	1	155	1006	852	1.19e-68	270
SRR4427270.631955	KM880100.1	96.471	170	6	0	3	172	6788	6619	6.21e-72	281
SRR4427270.632769	KX276188.1	97.191	178	2	3	2	177	957	1133	6.39e-77	298
SRR4427270.633041	KX276188.1	96.685	181	6	0	1	181	1002	1182	5.11e-78	302
SRR4427270.633172	KX276188.1	94.271	192	9	2	1	191	1250	1060	3.26e-75	292
SRR4427270.633368	KF322115.1	99.429	175	1	0	1	175	428	254	4.87e-83	318
SRR4427270.63375	KM880099.1	96.622	148	3	2	2	149	6694	6549	6.86e-61	244
SRR4427270.633918	KX276189.1	97.605	167	2	2	2	167	982	1147	4.80e-73	285
SRR4427270.633937	KM880099.1	96.078	204	7	1	1	203	3180	2977	7.40e-87	331
SRR4427270.63412	KM880099.1	97.537	203	2	3	3	205	6694	6495	9.61e-91	344
SRR4427270.63415	KM880099.1	98.052	154	3	0	2	155	6694	6541	4.25e-68	268
SRR4427270.63416	KM880099.1	97.917	144	3	0	3	146	6693	6550	1.66e-62	250
SRR4427270.634301	JX393302.1	96.795	156	3	2	1	154	854	1009	2.56e-65	259
SRR4427270.636352	KX276189.1	96.988	166	3	1	2	165	982	1147	7.75e-71	278
SRR4427270.637120	KM880100.1	96.154	156	4	2	1	155	6754	6600	1.19e-63	254
SRR4427270.638013	KF322115.1	96.933	163	3	2	2	163	412	251	3.53e-69	272
SRR4427270.638314	KX276188.1	94.972	179	4	5	1	178	986	1160	3.04e-70	276
SRR4427270.638468	KM880099.1	99.351	154	1	0	1	154	317	164	1.95e-71	279
SRR4427270.638957	JX393302.1	98.225	169	2	1	1	169	981	814	7.81e-76	294
SRR4427270.640003	JX393302.1	98.462	195	3	0	1	195	1011	817	9.11e-91	344
SRR4427270.640151	KF322115.1	99.342	152	1	0	1	152	413	262	2.48e-70	276
SRR4427270.66951	KF322115.1	97.970	197	2	2	1	196	217	412	1.21e-89	340
SRR4427270.66958	KF322115.1	98.438	192	2	1	1	191	218	409	1.48e-88	337
SRR4427270.66961	KF322115.1	98.352	182	1	2	1	180	218	399	5.15e-83	318
SRR4427270.69280	KM880100.1	98.396	187	3	0	2	188	1038	852	2.46e-86	329
SRR4427270.69282	KM880100.1	98.256	172	2	1	1	171	1038	867	1.70e-77	300
SRR4427270.69289	KX276188.1	98.113	159	1	2	1	157	1133	975	2.60e-70	276
SRR4427270.69299	KX276188.1	95.954	173	5	2	1	172	1133	962	2.25e-71	279
SRR4427270.75598	JX393302.1	97.814	183	2	2	2	182	870	1052	6.61e-82	315
SRR4427270.75602	JX393302.1	96.711	152	2	3	2	151	870	1020	1.50e-62	250
SRR4427270.75608	JX393302.1	97.861	187	2	2	1	185	871	1057	4.00e-84	322
SRR4427270.75614	JX393302.1	95.833	216	4	3	1	214	871	1083	1.01e-90	344
SRR4427270.75616	JX393302.1	97.549	204	2	2	1	203	870	1071	2.66e-91	346
SRR4427270.75630	JX393302.1	97.814	183	3	1	1	182	873	1055	6.74e-82	315
SRR4427270.75633	JX393302.1	97.512	201	2	3	1	200	873	1071	1.21e-89	340
SRR4427270.75635	JX393302.1	98.469	196	2	1	1	196	873	1067	9.16e-91	344
SRR4427270.75638	JX393302.1	97.333	150	2	2	1	149	873	1021	1.14e-63	254
SRR4427270.75644	JX393302.1	95.161	186	2	6	1	182	873	1055	1.47e-73	287
SRR4427270.75647	JX393302.1	97.000	200	4	2	1	199	873	1071	5.62e-88	335
SRR4427270.75652	JX393302.1	96.000	150	4	2	1	149	873	1021	2.47e-60	243
SRR4427270.75662	JX393302.1	97.333	150	3	1	3	151	876	1025	1.16e-63	254
SRR4427270.79342	JX393302.1	95.109	184	5	3	3	183	777	959	1.45e-73	287
SRR4427270.79362	KM880099.1	96.552	203	7	0	1	203	2978	3180	1.60e-88	337
SRR4427270.79373	KM880099.1	95.745	188	8	0	1	188	2978	3165	1.49e-78	303
SRR4427270.87929	KF322116.1	95.906	171	7	0	1	171	705	875	8.04e-71	278
SRR4427270.87943	MH229997.1	94.764	191	8	2	1	191	3088	3276	2.75e-76	296
SRR4427270.87978	KM880099.1	95.045	222	9	2	1	222	2960	3179	8.17e-92	348
SRR4427270.88549	JX393302.1	98.824	170	2	0	1	170	802	971	1.32e-78	303
SRR4427270.95729	KX276188.1	95.364	151	7	0	1	151	1055	1205	9.03e-60	241
SRR4427270.95730	KX276188.1	95.294	170	8	0	1	170	1052	1221	1.33e-68	270
SRR4427270.95735	KX276188.1	94.924	197	9	1	1	197	1055	1250	1.20e-79	307
SRR4427270.99501	JX393302.1	96.316	190	5	2	3	191	771	959	8.95e-81	311
SRR4427280.102085	JX291115.1	95.102	245	10	2	1	244	3031	3274	6.96e-103	385
SRR4427280.102907	JF317015.1	97.590	166	3	1	1	165	4051	3886	1.64e-72	283
SRR4427280.103887	MH685695.1	97.159	176	5	0	1	176	1948	2123	6.39e-77	298
SRR4427280.104741	MH685695.1	96.053	152	4	2	4	155	5365	5216	2.01e-61	246
SRR4427280.106491	JF317015.1	98.065	155	3	0	1	155	4000	4154	1.19e-68	270
SRR4427280.10690	MH685695.1	98.684	152	2	0	3	154	5583	5432	1.18e-68	270
SRR4427280.10805	MH685695.1	99.363	157	1	0	1	157	1965	1809	4.32e-73	285
SRR4427280.108418	MH685695.1	98.726	157	2	0	1	157	6594	6750	1.99e-71	279
SRR4427280.110737	KM110023.1	98.171	164	2	1	1	163	996	1159	4.53e-73	285
SRR4427280.12090	JF317015.1	94.928	276	9	5	1	273	5187	5460	1.30e-115	427
SRR4427280.121951	JF317015.1	96.970	231	6	1	1	231	5396	5625	1.82e-103	387
SRR4427280.126292	JF317015.1	98.958	192	2	0	1	192	6815	7006	8.94e-91	344
SRR4427280.127407	MH685695.1	98.522	203	2	1	1	202	5635	5433	1.22e-94	357
SRR4427280.127935	KM110023.1	98.421	190	1	1	1	190	1112	1299	1.91e-87	333
SRR4427280.12800	JF317015.1	97.233	253	3	3	1	253	5031	4783	4.27e-115	425
SRR4427280.131013	MH685695.1	97.041	169	4	1	1	169	3308	3475	1.70e-72	283
SRR4427280.131290	MH685695.1	100.000	148	0	0	1	148	5674	5821	8.75e-70	274
SRR4427280.131910	MH685695.1	98.305	177	3	0	1	177	5120	4944	8.21e-81	311
SRR4427280.133060	MH685695.1	97.881	236	5	0	1	236	5067	4832	3.99e-110	409
SRR4427280.135533	MH685695.1	97.740	177	4	0	1	177	6496	6672	4.01e-79	305
SRR4427280.137028	MH685695.1	98.065	155	3	0	1	155	4431	4277	1.19e-68	270
SRR4427280.137953	MH685695.1	97.895	285	5	1	1	285	3305	3588	4.78e-135	492
SRR4427280.144301	JF317015.1	97.315	149	4	0	1	149	5273	5125	1.14e-63	254
SRR4427280.146093	MH685695.1	97.143	245	5	2	1	243	4492	4248	3.21e-111	412
SRR4427280.146846	JF317015.1	98.438	192	3	0	1	192	4818	5009	4.16e-89	339
SRR4427280.146906	MH685695.1	95.205	292	7	7	1	288	5195	4907	6.32e-124	455
SRR4427280.151455	JX291115.1	95.732	164	6	1	1	163	2022	2185	2.12e-66	263
SRR4427280.15338	MH685695.1	100.000	202	0	0	1	202	5585	5786	1.22e-99	374
SRR4427280.153650	MH685695.1	95.500	200	3	6	1	198	5780	5975	7.23e-82	315
SRR4427280.157942	MH685695.1	95.333	150	7	0	1	150	2989	3138	3.19e-59	239
SRR4427280.157979	JF317015.1	98.913	276	3	0	1	276	5031	4756	1.30e-135	494
SRR4427280.159259	JX291115.1	97.959	147	2	1	5	150	1412	1266	1.15e-63	254
SRR4427280.161137	JF317015.1	98.802	167	2	0	1	167	5779	5945	5.99e-77	298
SRR4427280.162082	JF317015.1	97.861	187	4	0	1	187	4220	4034	1.13e-84	324
SRR4427280.164098	MH685695.1	100.000	148	0	0	1	148	5674	5821	8.75e-70	274
SRR4427280.172582	JF317015.1	98.802	167	2	0	1	167	5779	5945	5.99e-77	298
SRR4427280.174445	JX291115.1	97.590	166	2	2	1	165	3222	3386	1.64e-72	283
SRR4427280.174492	KM110023.1	98.675	151	2	0	1	151	1091	1241	4.14e-68	268
SRR4427280.177114	MH685695.1	95.312	192	6	3	1	191	5025	5214	5.42e-78	302
SRR4427280.177625	MH685695.1	98.522	203	3	0	1	203	2577	2779	3.43e-95	359
SRR4427280.178688	MH685695.1	95.294	170	7	1	1	169	5127	5296	4.73e-68	268
SRR4427280.17870	MH685695.1	98.182	220	0	4	1	220	5589	5804	7.97e-102	381
SRR4427280.180948	KM110023.1	98.684	152	2	0	1	152	1069	1220	1.17e-68	270
SRR4427280.181220	MH685695.1	96.753	154	5	0	1	154	4339	4492	9.19e-65	257
SRR4427280.183304	MH685695.1	97.674	172	2	2	1	171	6141	5971	7.93e-76	294
SRR4427280.183732	MH685695.1	96.429	252	6	3	1	249	4490	4239	3.28e-111	412
SRR4427280.183792	JF317015.1	98.438	256	4	0	1	256	3801	4056	7.18e-123	451
SRR4427280.184120	JX291115.1	100.000	159	0	0	1	159	1430	1588	7.29e-76	294
SRR4427280.184478	JF317015.1	95.987	299	8	4	1	297	6781	7077	3.01e-132	483
SRR4427280.184511	XM_034934270.1	96.281	242	1	8	1	242	3206	2973	1.48e-104	390
SRR4427280.186669	JX291115.1	97.758	223	4	1	1	222	2411	2633	2.24e-102	383
SRR4427280.187536	MH685695.1	96.250	160	4	2	1	160	1978	2135	7.46e-66	261
SRR4427280.189528	MH685695.1	98.684	152	2	0	1	152	5917	6068	1.16e-68	270
SRR4427280.189610	MH685695.1	98.734	237	3	0	1	237	5799	6035	5.15e-114	422
SRR4427280.190123	MH685695.1	98.462	195	3	0	1	195	5984	6178	9.11e-91	344
SRR4427280.193103	MH685695.1	98.077	208	4	0	1	208	2020	2227	2.72e-96	363
SRR4427280.193977	KM110023.1	99.451	182	1	0	1	182	1316	1135	6.57e-87	331
SRR4427280.196312	MH685695.1	99.083	218	2	0	1	218	6810	6593	3.64e-105	392
SRR4427280.197962	MH685695.1	97.633	169	2	2	1	169	5904	6070	3.66e-74	289
SRR4427280.198320	MH685695.1	98.026	152	3	0	1	152	4984	5135	5.36e-67	265
SRR4427280.198517	MH685695.1	99.338	151	0	1	1	150	1938	1788	3.23e-69	272
SRR4427280.201488	MH685695.1	100.000	149	0	0	1	149	5613	5761	2.43e-70	276
SRR4427280.201767	KM110023.1	99.367	158	1	0	1	158	1111	1268	1.21e-73	287
SRR4427280.202833	MH685695.1	97.987	149	3	0	1	149	3492	3344	2.45e-65	259
SRR4427280.20514	JF317015.1	98.039	153	3	0	1	153	4821	4973	1.51e-67	267
SRR4427280.206406	JF317015.1	97.976	247	4	1	1	247	911	1156	1.16e-115	427
SRR4427280.207872	MH685695.1	98.936	188	2	0	1	188	5423	5610	1.47e-88	337
SRR4427280.208168	KM110023.1	98.864	176	2	0	1	176	1331	1156	6.30e-82	315
SRR4427280.214588	MH685695.1	98.246	171	2	1	1	170	6141	5971	6.08e-77	298
SRR4427280.215253	MH685695.1	95.964	223	9	0	1	223	6106	6328	2.95e-96	363
SRR4427280.217117	JF317015.1	96.815	157	4	1	1	156	4009	4165	7.22e-66	261
SRR4427280.220662	MH685695.1	98.889	180	2	0	1	180	1988	1809	3.90e-84	322
SRR4427280.222838	MH685695.1	96.835	158	3	2	1	158	5735	5890	2.02e-66	263
SRR4427280.222999	JF317015.1	97.826	184	4	0	1	184	1947	1764	5.21e-83	318
SRR4427280.22350	MH685695.1	96.277	188	5	2	1	187	2860	2674	1.14e-79	307
SRR4427280.233025	JX291115.1	99.398	166	1	0	3	168	2179	2344	4.67e-78	302
SRR4427280.233930	MH685695.1	98.684	152	2	0	3	154	5583	5432	1.18e-68	270
SRR4427280.234356	MH685695.1	98.889	180	2	0	1	180	1988	1809	3.90e-84	322
SRR4427280.235899	MH685695.1	95.513	156	6	1	1	156	5140	5294	5.62e-62	248
SRR4427280.2376	MH685695.1	100.000	159	0	0	1	159	6036	5878	7.29e-76	294
SRR4427280.240465	JF317015.1	98.160	163	2	1	1	162	4871	4709	1.62e-72	283
SRR4427280.241227	MH685695.1	97.551	245	6	0	1	245	4492	4248	1.93e-113	420
SRR4427280.241307	JF317015.1	95.181	166	5	3	2	165	5524	5360	2.79e-65	259
SRR4427280.242498	MH685695.1	96.129	155	5	1	1	155	5141	5294	4.31e-63	252
SRR4427280.244885	JF317015.1	98.324	179	3	0	1	179	3890	4068	6.48e-82	315
SRR4427280.250457	MH685695.1	95.918	245	8	2	1	245	5070	5312	3.23e-106	396
SRR4427280.254312	KM110023.1	98.701	154	2	0	4	157	1157	1004	9.35e-70	274
SRR4427280.255776	JX291115.1	99.087	219	1	1	1	218	1336	1554	3.64e-105	392
SRR4427280.25712	MH685695.1	95.833	168	4	3	1	165	4430	4263	4.59e-68	268
SRR4427280.257154	MH685695.1	98.214	224	4	0	1	224	4920	5143	3.82e-105	392
SRR4427280.261162	JF317015.1	96.864	287	6	3	1	287	3875	4158	1.42e-130	477
SRR4427280.261969	JF317015.1	98.765	162	2	0	1	162	4602	4763	3.47e-74	289
SRR4427280.264909	MH685695.1	97.189	249	5	2	1	249	6435	6681	1.98e-113	420
SRR4427280.270436	MH685695.1	98.286	175	3	0	1	175	5735	5909	1.05e-79	307
SRR4427280.271444	MH685695.1	98.305	177	3	0	1	177	5980	5804	8.21e-81	311
SRR4427280.271769	MH685695.1	98.710	155	2	0	1	155	6553	6707	2.56e-70	276
SRR4427280.272167	JF317015.1	98.773	163	2	0	1	163	4871	4709	9.73e-75	291
SRR4427280.272596	KM110023.1	99.429	175	1	0	1	175	1316	1142	4.84e-83	318
SRR4427280.274281	MH685695.1	96.246	293	7	3	1	293	5195	4907	1.38e-130	477
SRR4427280.274631	MH685695.1	98.974	195	2	0	1	195	5905	6099	1.95e-92	350
SRR4427280.275522	JF317015.1	98.837	172	2	0	3	174	4584	4755	1.05e-79	307
SRR4427280.279691	JX291115.1	96.970	165	3	2	1	165	970	1132	2.75e-70	276
SRR4427280.280195	MH685695.1	97.778	270	4	2	1	269	6633	6901	9.72e-127	464
SRR4427280.281986	JF317015.1	96.957	230	3	4	1	229	4939	5165	2.33e-102	383
SRR4427280.282725	JF317015.1	96.078	153	4	2	1	152	4179	4028	5.44e-62	248
SRR4427280.287121	JX291115.1	98.639	147	2	0	5	151	1412	1266	6.93e-66	261
SRR4427280.290520	JF317015.1	97.740	177	4	0	1	177	4252	4076	3.85e-79	305
SRR4427280.291577	JX291115.1	96.316	190	5	2	1	190	960	1147	9.01e-81	311
SRR4427280.29181	MN369520.1	100.000	160	0	0	1	160	92	251	2.08e-76	296
SRR4427280.29587	MH685695.1	96.714	213	6	1	1	213	4244	4455	1.68e-93	353
SRR4427280.302682	MH685695.1	95.882	170	7	0	1	170	5127	5296	2.85e-70	276
SRR4427280.303261	MH685695.1	98.833	257	2	1	1	256	5688	5432	1.54e-124	457
SRR4427280.309100	JF317015.1	98.802	167	2	0	1	167	5779	5945	5.99e-77	298
SRR4427280.309546	MH685695.1	95.679	162	6	1	2	162	5353	5192	2.70e-65	259
SRR4427280.309918	MH685695.1	99.383	162	1	0	1	162	6879	6718	7.47e-76	294
SRR4427280.310046	MH685695.1	97.297	185	3	2	1	183	2595	2779	2.39e-81	313
SRR4427280.31062	MH685695.1	97.015	201	6	0	1	201	4534	4334	4.39e-89	339
SRR4427280.313569	JF317015.1	98.678	227	3	0	1	227	4939	5165	1.77e-108	403
SRR4427280.31482	JF317015.1	95.455	154	4	3	1	153	4179	4028	2.55e-60	243
SRR4427280.314873	MH685695.1	98.239	284	5	0	1	284	3305	3588	1.02e-136	497
SRR4427280.316037	MH685695.1	98.684	152	2	0	3	154	5583	5432	1.18e-68	270
SRR4427280.318081	MH685695.1	96.154	260	7	3	1	257	3923	3664	5.63e-114	422
SRR4427280.318956	JF317015.1	93.485	307	15	5	1	305	2965	3268	8.73e-123	451
SRR4427280.320188	JF317015.1	98.870	177	2	0	1	177	4883	4707	1.78e-82	316
SRR4427280.321176	MH685695.1	97.630	211	5	0	1	211	3479	3269	2.76e-96	363
SRR4427280.321726	MH685695.1	99.015	203	2	0	1	203	5635	5433	7.34e-97	364
SRR4427280.324633	JF317015.1	96.774	155	3	2	1	155	3903	4055	9.42e-65	257
SRR4427280.325128	JF317015.1	98.889	180	2	0	1	180	4681	4860	3.87e-84	322
SRR4427280.326588	MH685695.1	96.744	215	5	2	1	214	4248	4461	1.31e-94	357
SRR4427280.326940	JF317015.1	97.740	177	4	0	1	177	4252	4076	3.85e-79	305
SRR4427280.327857	MH685695.1	96.855	159	3	2	1	158	937	1094	5.67e-67	265
SRR4427280.328843	KM110023.1	98.193	166	3	0	1	166	1176	1011	9.95e-75	291
SRR4427280.329138	MH685695.1	96.753	154	3	2	1	153	5808	5960	3.28e-64	255
SRR4427280.331290	JX291115.1	95.588	204	3	6	1	201	3222	3422	4.42e-84	322
SRR4427280.331872	MH685695.1	99.346	153	1	0	1	153	2397	2245	6.94e-71	278
SRR4427280.33284	MH685695.1	96.237	186	6	1	1	186	5195	5011	1.48e-78	303
SRR4427280.333193	JF317015.1	98.710	155	1	1	1	155	4907	4754	9.20e-70	274
SRR4427280.337189	MH685695.1	98.742	159	2	0	1	159	264	106	1.58e-72	283
SRR4427280.338781	JF317015.1	98.137	161	3	0	1	161	4790	4950	5.81e-72	281
SRR4427280.342719	MH685695.1	99.425	174	1	0	1	174	5678	5505	1.74e-82	316
SRR4427280.346032	JF317015.1	98.039	153	3	0	1	153	4821	4973	1.51e-67	267
SRR4427280.349351	MH685695.1	98.895	181	1	1	1	180	5877	6057	3.87e-84	322
SRR4427280.34995	KM110023.1	98.182	165	2	1	1	165	996	1159	1.28e-73	287
SRR4427280.350999	MH685695.1	96.517	201	6	1	1	200	4534	4334	7.31e-87	331
SRR4427280.35111	MH685695.1	98.889	180	2	0	1	180	1988	1809	3.90e-84	322
SRR4427280.351649	JF317015.1	98.824	170	2	0	1	170	2005	1836	1.32e-78	303
SRR4427280.352215	MH685695.1	96.914	162	2	2	1	162	264	106	4.53e-68	268
SRR4427280.353632	MH685695.1	96.129	155	6	0	1	155	5140	5294	1.20e-63	254
SRR4427280.353952	JX291115.1	97.447	235	5	1	1	235	1777	1544	2.39e-107	399
SRR4427280.355599	MH685695.1	97.159	176	5	0	1	176	1948	2123	6.39e-77	298
SRR4427280.356281	MH685695.1	96.471	170	5	1	1	170	5104	5272	2.22e-71	279
SRR4427280.359758	MH685695.1	98.936	188	2	0	1	188	5423	5610	1.47e-88	337
SRR4427280.361492	JF317015.1	94.652	187	8	2	1	185	6267	6453	4.09e-74	289
SRR4427280.362861	JF317015.1	98.113	159	2	1	1	159	6849	7006	2.64e-70	276
SRR4427280.362910	MH685695.1	98.148	162	3	0	1	162	2077	1916	1.62e-72	283
SRR4427280.363123	JX291115.1	95.783	166	3	4	1	165	1310	1148	5.94e-67	265
SRR4427280.364665	JX291115.1	95.142	247	10	2	1	246	3145	3390	5.63e-104	388
SRR4427280.365937	JX291115.1	97.059	170	5	0	1	170	1774	1605	1.32e-73	287
SRR4427280.365953	MH685695.1	98.857	175	1	1	1	175	6704	6877	8.15e-81	311
SRR4427280.367077	JF317015.1	97.642	212	3	2	1	212	4823	5032	2.78e-96	363
SRR4427280.370475	MH685695.1	97.037	270	8	0	1	270	5016	5285	5.90e-124	455
SRR4427280.372477	JF317015.1	98.421	190	2	1	1	190	4658	4846	1.91e-87	333
SRR4427280.372705	JF317015.1	97.590	166	4	0	1	166	4006	4171	4.63e-73	285
SRR4427280.373469	MH685695.1	99.103	223	0	2	1	223	5589	5809	2.24e-107	399
SRR4427280.376913	JF317015.1	98.469	196	2	1	1	196	4869	4675	9.28e-91	344
SRR4427280.37735	MH685695.1	94.578	166	6	3	1	166	5378	5216	1.31e-63	254
SRR4427280.379167	JF317015.1	98.225	169	3	0	1	169	3892	4060	2.20e-76	296
SRR4427280.383080	XM_034934270.1	98.268	231	0	4	1	230	3217	2990	6.45e-108	401
SRR4427280.384553	MH685695.1	97.951	244	5	0	1	244	2131	1888	1.48e-114	424
SRR4427280.384829	KM110023.1	99.451	182	1	0	1	182	1316	1135	6.57e-87	331
SRR4427280.387306	MH685695.1	97.213	287	5	3	1	287	3305	3588	2.90e-132	483
SRR4427280.387993	JF317015.1	98.193	166	3	0	1	166	4051	3886	9.88e-75	291
SRR4427280.390735	MH685695.1	97.015	201	6	0	1	201	4534	4334	4.39e-89	339
SRR4427280.390949	JF317015.1	97.452	157	3	1	2	158	4752	4597	1.58e-67	267
SRR4427280.393422	MH685695.1	98.745	239	3	0	1	239	1854	2092	4.00e-115	425
SRR4427280.394658	MH685695.1	97.788	226	3	2	1	224	5939	6164	4.89e-104	388
SRR4427280.395125	JF317015.1	97.115	208	2	4	4	210	4828	5032	7.69e-92	348
SRR4427280.397963	JF317015.1	98.065	155	3	0	1	155	4000	4154	1.19e-68	270
SRR4427280.397986	JF317015.1	97.449	196	2	3	1	196	4869	4677	7.09e-87	331
SRR4427280.399919	MH685695.1	97.170	212	6	0	1	212	4244	4455	3.59e-95	359
SRR4427280.402152	MH685695.1	98.469	196	2	1	1	196	5905	6099	9.11e-91	344
SRR4427280.402412	MH685695.1	98.897	272	1	2	1	272	5491	5760	7.56e-133	484
SRR4427280.404268	JF317015.1	98.193	166	3	0	1	166	4051	3886	9.88e-75	291
SRR4427280.406343	MH685695.1	96.667	270	8	1	1	269	5016	5285	9.83e-122	448
SRR4427280.406819	MH685695.1	97.419	155	1	3	1	154	3176	3328	7.40e-66	261
SRR4427280.408332	MH685695.1	97.500	160	3	1	1	160	6695	6537	3.42e-69	272
SRR4427280.415473	MH685695.1	96.020	201	8	0	1	201	6111	6311	9.45e-86	327
SRR4427280.419704	JF317015.1	96.708	243	5	3	2	242	7005	6764	6.87e-108	401
SRR4427280.420970	MH685695.1	96.129	155	6	0	1	155	5140	5294	1.20e-63	254
SRR4427280.421180	JF317015.1	98.837	172	2	0	3	174	4584	4755	1.05e-79	307
SRR4427280.423524	MH685695.1	98.266	173	2	1	1	172	5994	5822	4.77e-78	302
SRR4427280.428712	MH685695.1	96.729	214	4	3	1	213	6695	6484	1.70e-93	353
SRR4427280.42978	JF317015.1	96.053	228	9	0	1	228	2904	3131	5.00e-99	372
SRR4427280.430874	MH685695.1	98.113	159	2	1	1	158	6614	6772	2.62e-70	276
SRR4427280.433042	MH685695.1	99.574	235	1	0	1	235	5686	5452	3.05e-116	429
SRR4427280.433566	JF317015.1	97.661	171	4	0	1	171	3835	4005	7.93e-76	294
SRR4427280.434719	JX291115.1	95.531	179	8	0	1	179	3301	3123	1.41e-73	287
SRR4427280.434755	MH685695.1	95.833	240	5	5	1	236	5225	4987	2.41e-102	383
SRR4427280.435286	MH685695.1	97.549	204	5	0	1	204	4142	4345	2.07e-92	350
SRR4427280.438896	JF317015.1	96.429	168	2	3	1	168	948	1111	1.02e-69	274
SRR4427280.442931	JF317015.1	98.551	207	3	0	1	207	4934	5140	2.09e-97	366
SRR4427280.443240	MH685695.1	95.531	179	6	2	1	177	2897	2719	4.98e-73	285
SRR4427280.444655	MH685695.1	98.276	174	1	2	1	173	2241	2413	1.37e-78	303
SRR4427280.445650	JF317015.1	98.558	208	1	2	1	206	5918	5711	2.06e-97	366
SRR4427280.44623	JF317015.1	98.947	190	2	0	1	190	4905	4716	1.14e-89	340
SRR4427280.44870	MH685695.1	99.083	218	2	0	1	218	6810	6593	3.64e-105	392
SRR4427280.449408	JF317015.1	97.326	187	5	0	1	187	6848	7034	5.25e-83	318
SRR4427280.450410	MH685695.1	99.574	235	1	0	1	235	5686	5452	3.05e-116	429
SRR4427280.451393	JX291115.1	97.927	193	1	3	1	192	1504	1314	6.91e-87	331
SRR4427280.459615	MH685695.1	99.371	159	1	0	1	159	6881	6723	3.37e-74	289
SRR4427280.459646	MH685695.1	96.537	231	7	1	1	230	4437	4667	8.40e-102	381
SRR4427280.4643	MH685695.1	96.679	271	8	1	1	271	5016	5285	2.76e-122	449
SRR4427280.464833	MH685695.1	99.425	174	1	0	1	174	5678	5505	1.74e-82	316
SRR4427280.468138	MH685695.1	95.902	244	2	8	1	241	6655	6893	5.38e-104	388
SRR4427280.468690	MH685695.1	99.425	174	1	0	2	175	6686	6859	1.74e-82	316
SRR4427280.469847	JF317015.1	98.750	160	2	0	1	160	4614	4773	4.39e-73	285
SRR4427280.470923	JF317015.1	98.883	179	2	0	1	179	6820	6998	1.38e-83	320
SRR4427280.478586	MK859253.1	98.795	166	1	1	1	166	115	279	7.70e-76	294
SRR4427280.482040	JF317015.1	98.895	181	2	0	1	181	4297	4117	1.11e-84	324
SRR4427280.483272	JF317015.1	98.857	175	2	0	1	175	6799	6973	2.27e-81	313
SRR4427280.483293	MH685695.1	97.546	163	4	0	1	163	6333	6495	2.09e-71	279
SRR4427280.483715	JF317015.1	97.797	227	5	0	1	227	3780	4006	3.84e-105	392
SRR4427280.485824	MH685695.1	98.851	174	1	1	1	174	2241	2413	2.97e-80	309
SRR4427280.486781	JX291115.1	98.837	172	2	0	1	172	3394	3223	1.03e-79	307
SRR4427280.48735	MH685695.1	97.268	183	4	1	1	182	6513	6695	3.08e-80	309
SRR4427280.492822	MH685695.1	97.423	194	5	0	1	194	3284	3477	7.00e-87	331
SRR4427280.493798	MH685695.1	98.324	179	3	0	1	179	3617	3439	6.48e-82	315
SRR4427280.499294	JF317015.1	96.861	223	6	1	1	222	3964	3742	4.85e-99	372
SRR4427280.500767	MH685695.1	98.315	178	1	2	1	177	6056	5880	8.21e-81	311
SRR4427280.503355	JF317015.1	98.404	188	2	1	1	188	4857	5043	2.46e-86	329
SRR4427280.505933	MH685695.1	100.000	159	0	0	1	159	5876	6034	7.24e-76	294
SRR4427280.506494	JF317015.1	96.685	181	3	3	1	179	4754	4575	6.57e-77	298
SRR4427280.507817	MH685695.1	97.409	193	3	2	1	193	5126	4936	9.06e-86	327
SRR4427280.508877	MH685695.1	95.152	165	1	5	1	165	2398	2241	1.30e-63	254
SRR4427280.511111	MH685695.1	97.546	163	4	0	1	163	6333	6495	2.09e-71	279
SRR4427280.520945	JF317015.1	96.602	206	3	4	1	202	6997	6792	4.42e-89	339
SRR4427280.526463	JF317015.1	98.256	172	3	0	1	172	3862	4033	4.80e-78	302
SRR4427280.526820	MH685695.1	98.980	196	2	0	3	198	6809	6614	5.58e-93	351
SRR4427280.5278	JF317015.1	98.710	155	2	0	1	155	207	53	2.56e-70	276
SRR4427280.528167	MH685695.1	95.918	196	7	1	1	195	4412	4217	1.99e-82	316
SRR4427280.529264	MH685695.1	97.674	172	4	0	4	175	4174	4003	2.28e-76	296
SRR4427280.532161	JF317015.1	97.674	172	3	1	1	171	3862	4033	7.98e-76	294
SRR4427280.54038	MH685695.1	98.065	155	3	0	1	155	5960	5806	1.18e-68	270
SRR4427280.543308	MH685695.1	94.972	179	6	3	1	176	2897	2719	8.27e-71	278
SRR4427280.543625	MH685695.1	98.462	195	3	0	1	195	3331	3525	9.16e-91	344
SRR4427280.543823	JX291115.1	94.595	148	8	0	1	148	2994	3141	1.92e-56	230
SRR4427280.545346	MH685695.1	98.995	199	2	0	1	199	6826	6628	1.20e-94	357
SRR4427280.548698	MH685695.1	97.468	237	3	3	1	235	5667	5902	6.61e-108	401
SRR4427280.55030	JF317015.1	96.117	309	7	4	1	304	6782	7090	3.06e-137	499
SRR4427280.551533	MH685695.1	97.546	163	4	0	1	163	6333	6495	2.09e-71	279
SRR4427280.553442	MH685695.1	96.234	239	6	3	1	236	5225	4987	5.17e-104	388
SRR4427280.5571	JF317015.1	97.315	149	4	0	1	149	5273	5125	1.14e-63	254
SRR4427280.563061	MH685695.1	96.711	152	2	3	1	152	2311	2459	1.50e-62	250
SRR4427280.563362	KM110023.1	97.838	185	3	1	1	184	993	1177	5.15e-83	318
SRR4427280.563515	MH685695.1	94.156	154	5	4	1	150	4339	4492	5.39e-57	231
SRR4427280.564710	JX291115.1	96.273	161	3	3	1	160	2482	2640	7.40e-66	261
SRR4427280.565353	JF317015.1	98.565	209	3	0	1	209	5148	4940	1.63e-98	370
SRR4427280.570500	JF317015.1	98.068	207	3	1	1	207	6997	6792	3.49e-95	359
SRR4427280.572125	MH685695.1	99.415	171	1	0	1	171	6054	5884	7.93e-81	311
SRR4427280.572595	MH685695.1	98.810	168	1	1	1	168	5672	5506	5.99e-77	298
SRR4427280.574792	JF317015.1	96.067	178	5	2	5	182	7068	6893	4.01e-74	289
SRR4427280.576289	MH685695.1	97.917	192	4	0	1	192	3587	3396	1.93e-87	333
SRR4427280.576392	MH685695.1	96.552	261	3	6	3	261	3436	3180	1.24e-115	427
SRR4427280.578093	JF317015.1	97.452	157	2	2	1	156	4752	4597	1.55e-67	267
SRR4427280.580593	JF317015.1	98.883	179	2	0	1	179	6820	6998	1.38e-83	320
SRR4427280.582113	MH685695.1	96.753	154	5	0	1	154	4339	4492	9.19e-65	257
SRR4427280.582560	MH685695.1	96.907	194	6	0	1	194	5081	5274	3.28e-85	326
SRR4427280.583728	MH685695.1	96.907	194	6	0	1	194	6287	6094	3.26e-85	326
SRR4427280.584957	MH685695.1	99.432	176	1	0	1	176	6684	6859	1.35e-83	320
SRR4427280.58569	JF317015.1	97.368	152	4	0	1	152	4179	4028	2.51e-65	259
SRR4427280.587812	MH685695.1	98.413	252	3	1	1	251	5987	5736	4.20e-120	442
SRR4427280.589510	JF317015.1	96.815	157	2	3	1	155	4752	4597	2.58e-65	259
SRR4427280.590483	JF317015.1	97.452	157	2	2	1	156	4752	4597	1.55e-67	267
SRR4427280.59100	MH685695.1	98.125	160	2	1	1	160	264	106	7.40e-71	278
SRR4427280.59168	MH685695.1	97.688	173	4	0	1	173	6503	6675	6.22e-77	298
SRR4427280.592109	MH685695.1	97.546	163	4	0	1	163	6333	6495	2.09e-71	279
SRR4427280.594047	JF317015.1	98.378	185	3	0	1	185	4297	4113	3.10e-85	326
SRR4427280.598706	MH685695.1	98.333	180	3	0	1	180	6160	5981	1.80e-82	316
SRR4427280.599119	MH685695.1	99.558	226	0	1	1	226	5802	5578	1.05e-110	411
SRR4427280.599505	MH685695.1	98.000	200	1	3	1	199	5672	5475	9.28e-91	344
SRR4427280.601846	MH685695.1	98.758	161	2	0	1	161	6514	6354	1.24e-73	287
SRR4427280.602351	MH685695.1	95.175	228	8	3	4	228	6313	6086	1.41e-94	357
SRR4427280.606033	MH685695.1	95.858	169	6	1	1	168	4437	4605	3.66e-69	272
SRR4427280.606471	JF317015.1	98.780	164	2	0	1	164	184	21	2.71e-75	292
SRR4427280.608561	JF317015.1	96.894	161	1	4	1	160	4638	4795	1.59e-67	267
SRR4427280.610717	JF317015.1	96.791	187	5	1	1	186	6848	7034	8.72e-81	311
SRR4427280.611443	MH685695.1	98.760	242	3	0	2	243	5648	5407	8.77e-117	431
SRR4427280.612026	JF317015.1	98.750	160	2	0	1	160	4614	4773	4.39e-73	285
SRR4427280.612441	JF317015.1	98.256	172	3	0	1	172	3862	4033	4.80e-78	302
SRR4427280.612999	JF317015.1	97.590	166	3	1	2	166	3966	3801	1.75e-72	283
SRR4427280.615103	JF317015.1	98.374	246	3	1	1	246	1841	2085	8.93e-117	431
SRR4427280.615623	JF317015.1	98.165	218	3	1	1	218	3851	4067	2.85e-101	379
SRR4427280.617795	MH685695.1	98.054	257	3	2	1	256	4876	5131	3.33e-121	446
SRR4427280.619053	MH685695.1	96.482	199	6	1	1	199	4214	4411	9.40e-86	327
SRR4427280.627086	MH685695.1	97.500	160	4	0	3	162	6336	6495	9.65e-70	274
SRR4427280.635358	KM110023.1	97.315	149	3	1	1	149	1140	993	4.10e-63	252
SRR4427280.636453	JF317015.1	98.049	205	3	1	1	205	4622	4825	4.49e-94	355
SRR4427280.636654	JF317015.1	97.357	227	5	1	1	226	3780	4006	6.39e-103	385
SRR4427280.638848	MH685695.1	96.175	183	7	0	1	183	2776	2958	1.85e-77	300
SRR4427280.640196	MH685695.1	98.333	180	3	0	1	180	6165	5986	1.81e-82	316
SRR4427280.640545	MH685695.1	97.015	268	8	0	1	268	4142	4409	7.57e-123	451
SRR4427280.645827	MH685695.1	95.918	245	4	6	1	240	3499	3256	4.10e-105	392
SRR4427280.646852	MK859253.1	98.795	166	1	1	1	166	115	279	7.70e-76	294
SRR4427280.654975	JX291115.1	98.013	151	1	2	1	149	1487	1337	6.82e-66	261
SRR4427280.660818	MH685695.1	100.000	167	0	0	1	167	5636	5802	2.79e-80	309
SRR4427280.663052	JF317015.1	95.765	307	8	5	1	305	4051	4354	1.90e-134	490
SRR4427280.663211	MH685695.1	98.077	208	3	1	1	207	2020	2227	9.71e-96	361
SRR4427280.666502	JF317015.1	98.343	181	1	2	1	179	5936	5756	1.80e-82	316
SRR4427280.681281	MH685695.1	98.830	171	1	1	1	170	6054	5884	1.32e-78	303
SRR4427280.69312	MH685695.1	97.312	186	5	0	1	186	3476	3291	1.89e-82	316
SRR4427280.70123	MH685695.1	98.319	238	3	1	1	238	5799	6035	2.41e-112	416
SRR4427280.70357	MH685695.1	100.000	167	0	0	1	167	5594	5760	2.81e-80	309
SRR4427280.70997	JX291115.1	96.618	207	6	1	2	208	3348	3143	3.52e-90	342
SRR4427280.71783	MH685695.1	91.667	216	8	10	1	213	6092	6300	1.34e-74	291
SRR4427280.73216	MH685695.1	95.906	171	6	1	1	170	5273	5103	2.89e-70	276
SRR4427280.81369	JX291115.1	96.266	241	7	2	2	241	3371	3132	1.15e-105	394
SRR4427280.82728	MH685695.1	99.338	151	0	1	1	150	1938	1788	3.23e-69	272
SRR4427280.83991	JF317015.1	98.225	169	3	0	1	169	3892	4060	2.20e-76	296
SRR4427280.8584	MH685695.1	98.571	210	2	1	1	209	6100	5891	1.63e-98	370
SRR4427280.87480	MH685695.1	95.333	150	7	0	1	150	2989	3138	3.19e-59	239
SRR4427280.87825	MH685695.1	97.970	197	3	1	1	196	6158	5962	1.18e-89	340
SRR4427280.89483	JF317015.1	95.187	187	8	1	1	186	6267	6453	8.84e-76	294
SRR4427280.89597	MH685695.1	93.925	214	8	5	1	214	6092	6300	6.17e-83	318
SRR4427280.91315	MH685695.1	98.469	196	3	0	1	196	38	233	2.55e-91	346
SRR4427280.91347	JF317015.1	97.351	151	4	0	1	151	5148	5298	8.89e-65	257
SRR4427280.97349	JF317015.1	96.970	231	6	1	1	231	5396	5625	1.82e-103	387
